용인시처인구	포곡읍제1투	557	720	92	17	2	10	1057
용인시처인구	포곡읍제2투	400	449	56	5	3	5	350
용인시처인구	포곡읍제3투	413	616	79	10	1	9	546
용인시처인구	관내사전	3298	1214	323	29	2	23	0
용인시처인구	모현읍제1투	857	833	145	11	2	10	1049
용인시처인구	모현읍제2투	319	636	46	6	0	6	581
용인시처인구	모현읍제3투	935	976	119	21	2	7	988
용인시처인구	관내사전	2472	945	228	31	1	17	0
용인시처인구	관내사전	1697	731	147	14	0	14	0
용인시처인구	남사읍제2투	115	251	19	1	0	3	202
용인시처인구	관내사전	1137	650	118	11	2	23	0
용인시처인구	원삼면제1투	171	607	24	3	0	3	545
용인시처인구	관내사전	1306	840	168	16	1	22	0
용인시처인구	백암면제1투	187	480	31	3	2	7	490
용인시처인구	백암면제2투	136	323	23	2	1	0	237
용인시처인구	관내사전	2837	1265	299	38	5	41	0
용인시처인구	양지면제1투	752	1115	163	22	1	11	1443
용인시처인구	관내사전	3793	1832	529	43	11	38	0
용인시처인구	중앙동제1투	792	1029	179	15	5	20	1175
용인시처인구	역북동제1투	379	524	139	12	2	9	719
용인시처인구	역북동제2투	1130	1137	182	21	3	19	1430
용인시처인구	관내사전	1467	567	163	25	4	18	0
용인시처인구	삼가동제1투	611	857	138	13	1	7	650
용인시처인구	관내사전	4711	1411	474	54	2	32	0
용인시처인구	관내사전	2164	1004	247	25	2	23	0
용인시처인구	동부동제1투	614	946	135	8	6	6	1096
용인시처인구	동부동제2투	789	1108	166	20	8	25	1233
용인시처인구	동부동제3투	291	525	41	11	2	10	379
