전주시완산구	관내사전	3518	311	167	25	3	11	0
전주시완산구	관내사전	2030	187	136	19	7	12	0
전주시완산구	풍남동제1투	305	123	18	6	0	1	325
전주시완산구	풍남동제2투	410	115	19	1	0	3	355
전주시완산구	관내사전	2522	178	90	15	5	12	0
전주시완산구	노송동제1투	421	135	33	6	0	2	372
전주시완산구	노송동제2투	134	47	8	1	0	2	174
전주시완산구	노송동제5투	360	80	24	3	3	2	354
전주시완산구	관내사전	1756	115	93	14	2	9	0
전주시완산구	관내사전	2174	164	113	29	4	9	0
전주시완산구	관내사전	4486	318	251	33	4	27	1
전주시완산구	관내사전	4571	319	153	31	5	23	0
전주시완산구	관내사전	3256	252	124	17	4	18	0
전주시완산구	관내사전	4055	259	149	19	4	17	0
전주시완산구	관내사전	4261	350	146	28	4	25	0
전주시완산구	관내사전	3357	242	183	25	6	24	0
