성남시수정구	관내사전	2832	829	219	16	2	19	0
성남시수정구	신흥1동제2투	394	367	51	6	0	2	762
성남시수정구	신흥1동제3투	444	377	68	9	0	6	690
성남시수정구	신흥1동제4투	489	454	73	9	2	7	768
성남시수정구	관내사전	3268	1035	363	36	1	23	0
성남시수정구	관내사전	2496	991	198	27	1	15	0
성남시수정구	관내사전	1645	488	145	11	2	20	0
성남시수정구	관내사전	2586	764	207	28	1	20	1
성남시수정구	관내사전	1786	541	143	16	3	19	0
성남시수정구	관내사전	2007	559	166	26	1	17	0
성남시수정구	관내사전	2531	826	212	16	0	20	0
성남시수정구	관내사전	1712	580	140	19	2	9	0
성남시수정구	관내사전	1099	352	139	9	0	6	0
성남시수정구	관내사전	1832	514	324	19	0	22	0
성남시수정구	관내사전	486	181	84	5	0	2	0
성남시수정구	신촌동투표소	466	924	182	16	2	10	706
성남시수정구	고등동제3투	404	753	98	6	2	7	511
성남시수정구	관내사전	411	184	74	6	2	6	0
성남시수정구	시흥동투표소	337	855	143	9	0	10	618
성남시수정구	관외사전	96	56	29	1	0	5	14
