안양시만안구	안양1동제1투	798	1201	269	21	1	19	628
안양시만안구	안양1동제2투	994	1088	261	28	2	21	617
안양시만안구	안양1동제3투	422	505	115	12	5	10	829
안양시만안구	안양1동제4투	630	951	189	10	0	14	418
안양시만안구	안양2동제4투	755	1026	182	23	1	16	840
안양시만안구	안양3동제3투	697	848	151	10	0	13	1096
안양시만안구	안양4동제1투	472	696	105	15	1	14	774
안양시만안구	안양5동제1투	547	886	115	10	1	8	877
안양시만안구	안양5동제2투	831	894	220	11	2	13	778
안양시만안구	안양6동제1투	1089	1140	220	20	2	18	1224
안양시만안구	안양6동제4투	584	731	137	13	2	16	826
안양시만안구	안양6동제5투	923	985	226	24	2	17	816
안양시만안구	안양7동제3투	347	399	74	9	1	9	520
안양시만안구	안양8동제1투	276	482	73	5	1	6	450
안양시만안구	안양8동제2투	616	725	123	18	2	12	855
안양시만안구	안양8동제3투	286	421	68	5	0	4	376
안양시만안구	안양9동제1투	349	565	63	10	0	9	484
안양시만안구	안양9동제3투	561	677	96	14	2	9	783
안양시만안구	석수1동제1투	718	1076	167	26	1	19	747
안양시만안구	석수1동제2투	571	899	96	16	1	15	855
안양시만안구	석수1동제4투	1101	1291	238	21	1	8	595
안양시만안구	석수2동제1투	316	436	75	12	0	8	430
안양시만안구	석수2동제4투	660	736	99	14	0	7	465
안양시만안구	석수2동제5투	521	583	74	9	0	12	531
안양시만안구	충훈동제2투	688	713	133	17	2	11	651
안양시만안구	관내사전	2470	1023	182	14	2	22	0
안양시만안구	박달1동제1투	585	728	109	22	3	14	878
안양시만안구	박달1동제2투	383	456	51	2	1	5	641
안양시만안구	박달1동제3투	394	580	66	7	1	4	638
안양시만안구	박달2동제4투	785	885	146	14	2	11	728
안양시만안구	박달2동제5투	875	928	186	18	2	13	546
안양시만안구	관외사전	803	246	155	8	1	8	207
