청주시상당구	관내사전	366	318	29	9	1	20	0
청주시상당구	낭성면투표소	156	623	29	6	0	5	386
청주시상당구	관내사전	701	658	72	14	1	12	0
청주시상당구	미원면제1투	137	320	15	1	2	2	419
청주시상당구	미원면제2투	190	441	16	7	0	5	490
청주시상당구	미원면제3투	87	266	12	3	1	6	148
청주시상당구	관내사전	570	434	67	12	3	16	0
청주시상당구	가덕면제1투	288	634	45	9	1	7	483
청주시상당구	가덕면제2투	144	280	18	5	1	4	268
청주시상당구	관내사전	1208	719	125	21	0	10	1
청주시상당구	남일면제1투	307	695	46	14	1	3	612
청주시상당구	남일면제2투	380	784	74	8	1	7	711
청주시상당구	관내사전	514	380	51	8	2	10	0
청주시상당구	문의면제1투	255	653	42	9	3	8	576
청주시상당구	문의면제2투	106	249	11	2	1	2	182
청주시상당구	관내사전	1026	515	180	16	1	14	0
청주시상당구	중앙동제1투	429	867	123	18	0	11	773
청주시상당구	중앙동제2투	296	636	67	7	2	8	569
청주시상당구	관내사전	1190	699	151	21	0	9	0
청주시상당구	성안동제1투	380	881	110	15	2	10	903
청주시상당구	성안동제2투	268	704	45	8	1	5	669
청주시상당구	관내사전	1041	687	109	21	1	10	0
청주시상당구	탑·대성동제1투	296	782	62	6	1	7	704
청주시상당구	탑·대성동제3투	454	752	96	12	0	10	794
청주시상당구	관내사전	1443	829	140	30	4	15	0
청주시상당구	영운동제1투	350	713	64	7	1	7	715
청주시상당구	영운동제2투	565	783	87	13	1	12	894
청주시상당구	영운동제3투	445	662	79	6	3	8	651
청주시상당구	금천동제1투	463	819	110	15	1	8	807
청주시상당구	금천동제2투	719	1175	134	18	7	17	1374
청주시상당구	금천동제4투	451	707	98	7	1	2	648
청주시상당구	금천동제6투	691	641	127	14	1	5	590
청주시상당구	관내사전	2110	746	186	25	4	15	0
청주시상당구	용담·명암·산성동제1투	296	589	54	7	2	8	670
청주시상당구	용담·명암·산성동제2투	606	714	127	20	4	6	512
청주시상당구	관내사전	4561	1972	497	58	3	49	0
청주시상당구	관내사전	4044	1346	502	52	1	28	0
청주시상당구	용암제2동제9투	581	533	121	14	3	11	449
청주시상당구	관외사전	98	89	59	3	2	13	15
