천안시동남구	관내사전	2179	917	173	33	1	20	0
천안시동남구	목천읍제2투	361	604	60	6	1	8	662
천안시동남구	관내사전	1613	594	203	30	1	20	0
천안시동남구	관내사전	452	273	21	4	0	3	0
천안시동남구	광덕면제1투	136	654	25	1	0	5	306
천안시동남구	광덕면제2투	169	434	19	6	0	3	301
천안시동남구	관내사전	389	254	31	9	6	13	0
천안시동남구	관내사전	686	421	64	14	1	9	0
천안시동남구	관내사전	542	297	53	6	3	6	0
천안시동남구	관내사전	1185	744	189	16	4	9	0
천안시동남구	관내사전	296	259	36	5	2	5	0
천안시동남구	동면투표소	166	460	35	5	1	7	445
천안시동남구	관내사전	933	657	92	9	1	15	0
천안시동남구	관내사전	1193	605	164	22	3	20	0
천안시동남구	관내사전	938	546	133	14	2	12	0
천안시동남구	원성1동제2투	129	301	26	3	0	5	367
천안시동남구	관내사전	1437	796	157	21	2	13	0
천안시동남구	관내사전	1487	733	208	17	1	6	0
천안시동남구	봉명동제5투	582	755	146	14	4	11	720
천안시동남구	관내사전	1496	771	123	18	4	13	0
천안시동남구	일봉동제2투	748	894	100	27	3	8	881
천안시동남구	일봉동제3투	607	746	170	15	2	10	785
천안시동남구	청룡동제2투	537	876	135	10	1	11	904
천안시동남구	청룡동제5투	707	1076	122	22	3	10	1032
천안시동남구	청룡동제8투	560	442	94	11	2	4	486
천안시동남구	청룡동제9투	821	981	213	25	3	16	1298
천안시동남구	청룡동제10투	1417	1111	273	36	3	13	901
천안시동남구	관내사전	3718	1620	687	66	0	51	0
천안시동남구	신안동제4투	587	900	123	5	0	7	550
천안시동남구	신안동제9투	691	997	149	19	2	9	655
천안시동남구	관외사전	723	249	143	15	3	13	191
