창원시성산구	관내사전	3959	2178	537	108	6	43	0
창원시성산구	반송동제1투	462	931	115	18	2	5	339
창원시성산구	반송동제3투	521	808	164	24	1	10	376
창원시성산구	반송동제4투	563	862	133	28	2	7	376
창원시성산구	관내사전	2474	1361	504	81	3	51	0
창원시성산구	용지동제1투	827	1518	279	31	0	22	805
창원시성산구	용지동제2투	409	1068	170	14	1	20	694
창원시성산구	용지동제4투	441	888	109	15	3	6	641
창원시성산구	사파동제1투	763	1248	196	34	3	20	950
창원시성산구	사파동제2투	472	996	131	17	0	18	630
창원시성산구	사파동제10투	725	833	126	35	0	9	434
창원시성산구	관내사전	4115	1858	551	98	0	49	0
창원시성산구	가음정동제3투	747	1126	195	42	5	17	558
창원시성산구	관내사전	2366	1072	341	69	8	22	0
창원시성산구	성주동제1투	670	1276	237	29	2	20	645
창원시성산구	성주동제6투	624	1009	172	33	1	15	451
창원시성산구	관내사전	949	605	155	29	2	15	0
창원시성산구	웅남동제1투	125	395	38	1	1	4	288
창원시성산구	웅남동제2투	377	659	99	19	4	6	410
창원시성산구	웅남동제3투	286	650	59	9	0	15	383
창원시성산구	웅남동제4투	60	212	40	2	1	5	125
