고령군	대가야읍제1투	87	629	43	1	2	3	414
고령군	대가야읍제2투	47	255	3	1	0	6	126
고령군	대가야읍제3투	139	826	28	1	1	5	616
고령군	대가야읍제4투	21	162	5	0	0	2	95
고령군	관내사전	72	189	11	2	0	6	0
고령군	덕곡면제1투	29	343	14	1	0	2	138
고령군	덕곡면제2투	23	247	9	1	0	1	104
고령군	관내사전	100	230	12	4	1	5	0
고령군	운수면제1투	53	501	12	2	1	10	249
고령군	운수면제2투	20	204	3	1	0	6	77
고령군	관내사전	123	386	20	5	0	9	0
고령군	성산면제1투	56	573	24	0	4	5	289
고령군	성산면제2투	31	346	8	1	0	2	170
고령군	관내사전	556	992	72	9	1	16	0
고령군	다산면제1투	211	1201	70	7	0	8	533
고령군	다산면제3투	29	477	12	0	0	0	198
고령군	관내사전	65	212	12	1	0	3	0
고령군	개진면제1투	39	306	8	4	0	3	148
고령군	개진면제2투	63	399	15	4	0	4	171
고령군	관내사전	61	178	19	2	1	6	0
고령군	우곡면제1투	35	200	6	1	0	1	101
고령군	우곡면제2투	49	395	7	3	1	5	164
고령군	관내사전	140	434	28	1	1	4	0
고령군	쌍림면제1투	51	393	14	1	1	7	204
고령군	쌍림면제2투	42	369	6	0	0	10	161
고령군	관외사전	84	101	21	9	2	17	111
