무안군	관내사전	4876	256	219	29	9	32	0
무안군	무안읍제1투	468	88	30	2	2	8	552
무안군	무안읍제2투	662	142	48	5	4	4	561
무안군	무안읍제3투	167	17	4	0	0	2	99
무안군	무안읍제4투	292	52	12	3	3	4	323
무안군	관내사전	3543	144	78	15	5	18	0
무안군	일로읍제1투	189	15	4	4	1	2	134
무안군	일로읍제2투	133	19	4	1	1	0	91
무안군	일로읍제3투	422	56	19	4	1	3	409
무안군	일로읍제4투	98	8	4	0	0	1	64
무안군	일로읍제6투	1068	202	96	24	2	6	455
무안군	삼향읍제1투	191	40	5	2	0	1	118
무안군	삼향읍제2투	288	43	12	8	0	4	204
무안군	삼향읍제8투	939	138	76	14	0	5	506
무안군	관내사전	1033	50	27	8	5	9	0
무안군	몽탄면제1투	180	27	4	0	1	0	127
무안군	몽탄면제2투	74	10	7	0	0	1	70
무안군	몽탄면제3투	51	15	4	4	0	1	84
무안군	몽탄면제4투	131	18	2	2	1	1	77
무안군	관내사전	2255	158	200	26	5	44	0
무안군	청계면제1투	199	19	4	2	1	3	151
무안군	청계면제2투	350	98	35	6	1	5	427
무안군	청계면제3투	257	35	4	4	3	6	177
무안군	청계면제4투	284	23	6	1	4	5	115
무안군	청계면제5투	252	42	6	2	1	1	162
무안군	관내사전	1425	58	23	9	0	2	0
무안군	현경면제1투	129	15	2	0	0	2	58
무안군	현경면제2투	249	22	9	2	0	3	244
무안군	현경면제3투	205	22	1	1	1	3	145
무안군	현경면제4투	174	21	10	2	2	1	169
무안군	현경면제5투	189	36	5	1	0	2	108
무안군	관내사전	828	40	12	3	0	6	0
무안군	망운면제1투	162	35	3	2	0	0	205
무안군	망운면제2투	115	14	4	0	0	0	77
무안군	관내사전	2141	91	35	7	6	12	0
무안군	해제면제1투	145	18	5	1	2	2	215
무안군	해제면제3투	131	22	1	0	1	4	138
무안군	관내사전	998	62	26	6	1	4	0
무안군	운남면제3투	110	13	2	1	0	1	61
