전주시완산구	관내사전	3518	311	167	25	3	11	0
전주시완산구	중앙동제1투	420	109	40	4	1	3	388
전주시완산구	중앙동제2투	452	264	65	10	3	8	483
전주시완산구	관내사전	2030	187	136	19	7	12	0
전주시완산구	풍남동제1투	305	123	18	6	0	1	325
전주시완산구	풍남동제2투	410	115	19	1	0	3	355
전주시완산구	관내사전	2522	178	90	15	5	12	0
전주시완산구	노송동제1투	421	135	33	6	0	2	372
전주시완산구	노송동제2투	134	47	8	1	0	2	174
전주시완산구	노송동제3투	701	127	66	11	2	7	425
전주시완산구	노송동제5투	360	80	24	3	3	2	354
전주시완산구	관내사전	1756	115	93	14	2	9	0
전주시완산구	완산동제1투	619	111	24	5	3	4	389
전주시완산구	관내사전	2174	164	113	29	4	9	0
전주시완산구	동서학동제1투	470	134	51	8	2	0	399
전주시완산구	동서학동제2투	211	37	19	4	0	2	224
전주시완산구	동서학동제3투	445	99	16	6	1	1	344
전주시완산구	관내사전	3087	219	94	21	3	16	0
전주시완산구	서서학동제1투	328	107	26	11	0	9	437
전주시완산구	서서학동제2투	581	109	40	12	1	14	500
전주시완산구	관내사전	4486	318	251	33	4	27	1
전주시완산구	중화산1동제1투	732	271	86	14	1	4	877
전주시완산구	중화산1동제2투	801	281	88	13	1	6	705
전주시완산구	중화산1동제3투	784	256	69	7	3	6	526
전주시완산구	관내사전	4331	329	291	47	6	23	0
전주시완산구	중화산2동제2투	805	201	94	9	1	7	1210
전주시완산구	관내사전	4571	319	153	31	5	23	0
전주시완산구	평화1동제1투	618	174	40	15	1	1	709
전주시완산구	평화1동제2투	542	165	40	8	2	6	805
전주시완산구	평화2동제1투	584	189	55	11	2	5	567
전주시완산구	평화2동제5투	452	56	22	6	0	1	243
전주시완산구	서신동제3투	421	139	53	8	0	5	284
전주시완산구	관내사전	3256	252	124	17	4	18	0
전주시완산구	관내사전	4055	259	149	19	4	17	0
전주시완산구	관내사전	4261	350	146	28	4	25	0
전주시완산구	관내사전	3357	242	183	25	6	24	0
전주시완산구	관내사전	5049	361	252	40	11	19	0
