세종특별자치시	조치원읍제3투	445	668	81	8	1	12	784
세종특별자치시	관내사전	571	308	68	8	2	7	0
세종특별자치시	관내사전	1191	709	137	14	2	20	0
세종특별자치시	관내사전	954	475	91	4	0	9	0
세종특별자치시	장군면제1투	293	513	71	6	0	9	740
세종특별자치시	관내사전	974	522	91	12	5	30	0
세종특별자치시	관내사전	354	253	35	8	0	4	0
세종특별자치시	소정면투표소	182	453	32	8	2	5	445
세종특별자치시	관내사전	2838	721	301	45	1	16	0
세종특별자치시	관내사전	4277	1301	589	66	5	35	0
세종특별자치시	관내사전	4156	1005	529	70	3	36	0
세종특별자치시	아름동제3투	916	757	146	22	1	17	615
세종특별자치시	종촌동제1투	850	658	162	19	2	9	691
세종특별자치시	종촌동제3투	977	748	164	20	3	15	480
세종특별자치시	종촌동제5투	709	718	152	19	1	7	675
세종특별자치시	고운동제3투	695	609	110	14	1	8	639
세종특별자치시	보람동제3투	897	961	239	31	5	19	734
세종특별자치시	소담동제2투	857	737	187	20	0	7	594
세종특별자치시	다정동제2투	822	814	210	32	2	15	854
세종특별자치시	다정동제3투	1132	1042	232	28	2	10	777
세종특별자치시	다정동제4투	756	927	183	22	1	14	740
세종특별자치시	관내사전	3040	676	408	44	2	22	0
세종특별자치시	관내사전	3993	964	593	75	3	35	0
세종특별자치시	반곡동제1투	1133	933	256	39	1	24	823
세종특별자치시	반곡동제2투	830	828	254	31	1	24	996
세종특별자치시	관내사전	2522	728	484	64	6	39	0
세종특별자치시	어진동제2투	845	785	260	37	1	17	766
세종특별자치시	나성동제1투	831	779	226	24	1	14	717
세종특별자치시	나성동제2투	783	711	193	32	3	6	830
세종특별자치시	관외사전	174	147	81	5	1	15	20
