서대문구	관내사전	1711	593	180	27	3	15	0
서대문구	관내사전	2444	930	288	70	1	26	0
서대문구	천연동제3투	585	756	137	20	0	10	597
서대문구	관내사전	2628	1043	356	64	0	22	0
서대문구	관내사전	3186	1182	483	133	3	45	0
서대문구	연희동제1투	450	846	131	34	1	20	1049
서대문구	연희동제3투	488	752	141	42	2	15	744
서대문구	연희동제4투	331	324	45	14	1	6	347
서대문구	연희동제5투	693	728	116	27	4	14	605
서대문구	연희동제6투	574	749	109	25	7	7	653
서대문구	관내사전	2072	755	218	52	1	17	0
서대문구	홍제제1동제1투	540	634	106	23	2	5	623
서대문구	홍제제1동제3투	727	767	106	23	1	8	614
서대문구	홍제제1동제4투	551	546	79	17	0	10	566
서대문구	홍제제1동제5투	661	819	153	28	1	10	581
서대문구	관내사전	2855	1045	346	55	1	36	0
서대문구	관내사전	2347	805	200	37	4	18	1
서대문구	홍제제3동제3투	485	627	132	20	3	13	606
서대문구	홍은제1동제1투	221	351	41	8	0	4	449
서대문구	홍은제1동제2투	800	942	172	25	3	14	780
서대문구	홍은제1동제3투	602	950	135	27	2	8	583
서대문구	홍은제1동제6투	596	719	97	22	1	13	858
서대문구	관내사전	3591	1232	329	70	1	30	0
서대문구	홍은제2동제1투	461	722	121	25	0	9	940
서대문구	홍은제2동제3투	834	999	134	41	0	17	794
서대문구	홍은제2동제5투	534	719	114	23	0	19	990
서대문구	홍은제2동제6투	839	1029	178	33	2	18	921
서대문구	남가좌제1동제1투	494	815	133	27	2	5	569
서대문구	남가좌제1동제2투	568	709	132	22	1	7	422
서대문구	남가좌제1동제3투	707	824	148	26	2	10	585
서대문구	관내사전	3877	1254	535	118	6	56	0
서대문구	남가좌제2동제1투	383	629	119	23	4	13	735
서대문구	남가좌제2동제2투	498	616	95	13	1	9	634
서대문구	남가좌제2동제3투	502	876	148	21	3	12	559
서대문구	남가좌제2동제4투	945	1066	233	30	4	15	618
서대문구	남가좌제2동제6투	465	579	126	29	2	9	707
서대문구	남가좌제2동제7투	602	728	175	21	0	10	589
서대문구	북가좌제1동제1투	474	797	122	21	1	5	572
서대문구	북가좌제1동제2투	323	489	85	10	1	5	478
서대문구	북가좌제2동제1투	593	753	149	22	1	26	948
서대문구	북가좌제2동제2투	659	812	148	28	1	14	901
서대문구	북가좌제2동제3투	476	591	73	11	2	8	625
서대문구	북가좌제2동제4투	732	925	149	20	4	15	569
서대문구	북가좌제2동제5투	630	681	118	18	1	18	712
서대문구	북가좌제2동제6투	673	741	156	28	3	12	966
서대문구	관외사전	1800	566	272	62	1	17	631
