북구	관내사전	1597	61	76	9	0	9	0
북구	중흥1동투표소	392	122	36	8	0	7	1248
북구	관내사전	3898	244	247	32	7	28	0
북구	중흥동제2투	445	95	93	8	0	8	531
북구	중흥동제3투	509	117	57	8	1	3	469
북구	중흥동제4투	391	109	85	7	4	6	688
북구	중흥동제5투	611	126	48	9	0	4	470
북구	관내사전	2078	101	142	27	1	9	0
북구	중앙동투표소	558	126	72	13	0	4	693
북구	관내사전	3383	159	115	21	6	18	0
북구	임동제1투	748	137	40	10	1	4	531
북구	임동제2투	1719	380	206	33	1	9	1182
북구	관내사전	3320	158	164	29	2	19	0
북구	신안동제1투	791	135	77	13	2	7	1006
북구	신안동제2투	529	84	57	8	0	4	531
북구	신안동제3투	646	155	102	17	2	12	666
북구	관내사전	7313	548	1189	130	10	82	0
북구	용봉동제1투	781	215	141	13	2	14	860
북구	용봉동제2투	918	184	112	15	0	8	618
북구	용봉동제3투	903	181	81	15	2	8	545
북구	용봉동제4투	399	178	106	19	1	7	639
북구	용봉동제6투	1182	160	80	4	2	8	526
북구	용봉동제7투	948	163	90	15	0	7	417
북구	용봉동제8투	809	119	72	12	1	5	473
북구	용봉동제9투	1224	158	103	18	1	11	552
북구	관내사전	5225	277	230	39	2	14	0
북구	운암1동제1투	938	200	92	15	1	5	610
북구	운암1동제2투	881	183	86	11	0	7	538
북구	운암1동제3투	753	130	41	20	1	3	275
북구	운암1동제4투	1179	196	94	11	2	12	489
북구	관내사전	5056	245	148	33	4	17	0
북구	운암2동제1투	263	58	26	5	1	6	433
북구	운암2동제2투	327	54	21	2	2	3	416
북구	운암2동제3투	567	69	35	7	1	3	487
북구	운암2동제4투	685	132	55	23	2	8	503
북구	관내사전	4436	269	226	31	3	26	0
북구	운암3동제1투	747	108	58	8	6	3	475
북구	운암3동제2투	925	142	72	11	0	4	564
북구	운암3동제3투	904	134	67	10	3	9	570
북구	관내사전	4874	203	193	34	7	24	0
북구	동림동제1투	1021	139	68	21	0	4	530
북구	동림동제2투	555	106	41	4	1	3	474
북구	동림동제3투	911	145	81	18	1	6	377
북구	동림동제4투	1451	179	92	11	1	14	600
북구	동림동제5투	1504	158	116	17	0	12	695
북구	관내사전	4410	246	233	28	2	23	0
북구	우산동제1투	1080	227	140	17	0	13	797
북구	우산동제2투	432	67	31	7	0	6	403
북구	우산동제3투	453	89	29	5	0	4	326
북구	우산동제4투	530	77	28	5	2	5	404
북구	우산동제5투	570	137	46	8	0	5	327
북구	관내사전	1400	75	71	7	0	5	0
북구	풍향동제1투	600	109	59	7	2	4	490
북구	풍향동제2투	177	45	15	1	0	4	251
북구	문화동제1투	419	97	36	2	4	3	615
북구	문화동제2투	387	84	31	3	0	4	237
북구	문화동제3투	1036	142	88	19	3	4	657
북구	문화동제4투	543	82	61	6	3	5	410
북구	문화동제5투	466	76	36	5	0	1	323
북구	문화동제6투	1271	183	101	25	1	8	439
북구	문화동제7투	969	113	90	11	3	8	231
북구	관내사전	5500	245	218	43	5	16	0
북구	문흥1동제1투	507	95	48	10	1	7	379
북구	문흥1동제2투	502	99	38	4	0	2	333
북구	문흥1동제3투	635	119	54	12	1	2	342
북구	문흥1동제4투	529	81	48	6	3	5	352
북구	문흥1동제5투	469	88	45	9	0	5	421
북구	관내사전	5255	241	215	43	3	24	0
북구	문흥2동제1투	521	68	48	4	0	5	362
북구	문흥2동제2투	538	76	47	5	0	6	313
북구	문흥2동제3투	597	93	50	12	0	2	423
북구	문흥2동제4투	602	158	75	4	0	7	504
북구	문흥2동제5투	605	148	62	12	0	6	463
북구	관내사전	2590	144	96	13	2	7	0
북구	두암1동제2투	407	64	44	6	0	5	485
북구	두암1동제3투	432	73	37	4	1	3	350
북구	관내사전	4801	228	148	23	6	18	0
북구	두암2동제1투	456	107	42	5	1	6	582
북구	두암2동제2투	751	135	52	15	0	9	721
북구	두암2동제3투	546	131	44	12	0	2	532
북구	두암2동제4투	826	101	53	9	1	5	463
북구	관내사전	4917	233	153	28	3	14	0
북구	두암3동제1투	353	78	28	2	0	5	597
북구	두암3동제2투	428	95	28	6	1	2	418
북구	두암3동제4투	790	107	36	11	1	3	519
북구	관내사전	4119	177	179	29	4	13	0
북구	삼각동제1투	785	174	91	11	0	7	817
북구	삼각동제2투	949	117	77	9	1	12	335
북구	삼각동제3투	807	127	86	12	2	6	622
북구	일곡동제2투	636	143	69	12	3	6	725
북구	일곡동제3투	623	64	53	15	1	8	326
북구	일곡동제4투	865	121	76	15	2	7	528
북구	일곡동제5투	1180	158	86	10	2	4	388
북구	일곡동제6투	882	179	99	16	1	13	515
북구	매곡동제1투	929	159	81	10	2	8	868
북구	관내사전	3170	158	142	26	4	11	0
북구	오치1동제1투	467	161	37	10	0	3	580
북구	오치1동제2투	588	132	59	7	0	6	521
북구	오치1동제3투	681	117	68	13	4	7	549
북구	오치2동제1투	403	117	49	7	3	8	509
북구	오치2동제2투	469	88	22	9	4	2	431
북구	오치2동제3투	429	117	43	13	0	4	538
북구	오치2동제4투	817	113	68	15	2	5	519
북구	관내사전	1075	52	28	16	0	6	0
북구	석곡동제1투	240	46	11	4	1	1	267
북구	석곡동제2투	135	23	4	4	0	1	81
북구	건국동제2투	1071	178	93	10	2	8	687
북구	건국동제3투	444	85	42	3	0	7	454
북구	건국동제4투	907	115	66	15	1	7	481
북구	양산동제1투	1101	198	95	17	1	6	1318
북구	양산동제2투	996	158	83	18	0	9	789
북구	양산동제3투	1167	125	85	15	1	8	568
북구	양산동제4투	1190	175	93	19	4	4	605
북구	양산동제5투	1383	159	90	12	2	9	711
북구	양산동제6투	1058	131	82	11	2	9	626
북구	양산동제7투	1286	139	91	19	0	4	354
북구	신용동제1투	1821	246	170	22	1	13	920
북구	신용동제2투	1436	195	141	19	2	14	525
북구	신용동제3투	1061	124	80	17	2	10	608
북구	신용동제4투	1342	181	142	15	2	12	851
북구	신용동제5투	984	119	76	9	0	1	414
북구	관외사전	611	76	85	5	1	23	39
