창원시진해구	관내사전	1465	1083	436	25	10	56	0
창원시진해구	충무동제1투	390	1336	77	16	1	13	914
창원시진해구	충무동제2투	515	1101	223	18	3	20	1043
창원시진해구	충무동제3투	300	874	66	10	1	12	521
창원시진해구	충무동제4투	355	840	67	4	1	18	438
창원시진해구	관내사전	814	865	133	12	1	19	0
창원시진해구	여좌동제1투	137	461	28	4	1	3	296
창원시진해구	여좌동제2투	249	844	58	9	0	6	600
창원시진해구	여좌동제3투	351	1110	77	11	3	18	695
창원시진해구	관내사전	487	528	58	3	0	4	0
창원시진해구	태백동제1투	227	792	52	7	1	7	584
창원시진해구	태백동제2투	86	270	28	3	0	2	188
창원시진해구	관내사전	1176	921	160	23	1	19	0
창원시진해구	경화동제1투	290	923	59	11	0	9	780
창원시진해구	경화동제2투	760	1535	209	31	4	11	1180
창원시진해구	관내사전	885	690	118	30	4	9	0
창원시진해구	병암동제1투	386	817	68	6	0	11	564
창원시진해구	병암동제2투	365	848	88	18	1	12	767
창원시진해구	관내사전	1833	1107	281	29	1	30	0
창원시진해구	석동제1투	611	1267	160	27	4	9	1267
창원시진해구	석동제2투	754	1306	204	26	0	9	979
창원시진해구	석동제3투	802	1319	179	26	1	3	623
창원시진해구	관내사전	757	674	92	18	1	8	0
창원시진해구	이동제1투	279	747	82	12	0	12	757
창원시진해구	이동제2투	243	690	60	14	1	3	598
창원시진해구	이동제3투	309	898	74	10	0	12	583
창원시진해구	관내사전	1820	1224	224	38	4	14	0
창원시진해구	자은동제1투	387	1030	107	12	1	10	777
창원시진해구	자은동제2투	612	1255	149	26	3	15	1005
창원시진해구	자은동제3투	1153	1139	203	35	0	18	571
창원시진해구	자은동제4투	742	1218	152	23	5	15	809
창원시진해구	관내사전	1048	804	156	17	4	13	0
창원시진해구	덕산동제1투	596	1277	150	20	0	10	938
창원시진해구	덕산동제2투	384	933	89	11	2	11	753
창원시진해구	관내사전	2580	1484	385	44	11	29	0
창원시진해구	풍호동제2투	577	1250	115	29	4	13	672
창원시진해구	관내사전	1402	977	174	16	2	19	0
창원시진해구	웅천동제1투	208	795	54	11	0	4	657
창원시진해구	웅천동제2투	803	1143	185	24	1	19	815
창원시진해구	관내사전	975	625	131	6	3	14	0
창원시진해구	관내사전	4498	1781	412	49	4	34	0
창원시진해구	웅동2동제1투	228	461	36	8	2	5	659
