진도군	관내사전	4320	298	162	28	3	36	0
진도군	진도읍제1투	624	104	54	4	1	6	613
진도군	진도읍제2투	438	121	28	6	3	2	571
진도군	진도읍제3투	302	27	6	1	0	3	137
진도군	관내사전	1418	74	38	6	3	12	0
진도군	군내면제1투	88	19	4	0	1	1	81
진도군	군내면제2투	163	40	7	1	0	4	162
진도군	군내면제3투	174	25	1	3	1	4	127
진도군	관내사전	1346	73	26	5	2	8	0
진도군	고군면제1투	137	30	5	1	0	1	179
진도군	고군면제2투	208	35	8	1	0	3	138
진도군	고군면제3투	208	25	5	1	1	0	118
진도군	관내사전	1446	77	34	6	7	12	1
진도군	의신면제1투	160	34	8	2	2	5	228
진도군	의신면제2투	142	19	3	3	2	1	92
진도군	의신면제3투	196	36	5	4	0	1	211
진도군	관내사전	1360	63	37	8	3	14	0
진도군	임회면제1투	153	30	11	4	0	7	205
진도군	임회면제2투	202	33	4	1	3	2	131
진도군	임회면제3투	174	42	4	1	1	5	155
진도군	관내사전	1241	61	29	3	5	12	0
진도군	지산면제1투	135	23	7	1	0	5	169
진도군	지산면제2투	203	27	6	0	1	4	128
진도군	지산면제3투	133	21	3	1	2	1	80
진도군	관내사전	708	49	16	2	5	10	0
진도군	조도면제1투	166	37	5	1	0	1	212
진도군	조도면제2투	47	2	0	1	1	1	22
진도군	조도면제3투	48	5	0	0	0	1	13
진도군	조도면제4투	106	6	1	0	1	0	31
진도군	조도면제5투	57	3	0	0	0	3	11
진도군	조도면제6투	51	0	0	1	0	1	55
진도군	조도면제7투	123	5	2	0	0	0	37
진도군	관외사전	182	19	15	2	0	5	51
