안산시단원구	와동제1투	724	569	88	10	1	8	1089
안산시단원구	와동제2투	1060	799	144	21	4	19	1060
안산시단원구	와동제3투	974	746	145	17	4	16	958
안산시단원구	와동제4투	937	692	122	16	3	6	1314
안산시단원구	와동제5투	857	667	122	11	2	17	1381
안산시단원구	와동제7투	859	699	132	13	4	13	1365
안산시단원구	와동제8투	845	526	96	13	0	9	1205
안산시단원구	고잔동제2투	346	466	71	9	0	6	499
안산시단원구	고잔동제3투	1060	1022	274	30	6	28	1160
안산시단원구	고잔동제4투	797	640	162	24	3	15	872
안산시단원구	고잔동제5투	886	644	147	18	3	16	955
안산시단원구	중앙동제1투	494	589	127	15	2	10	588
안산시단원구	중앙동제4투	669	826	144	20	2	19	838
안산시단원구	호수동제1투	646	681	164	15	1	15	632
안산시단원구	호수동제4투	793	914	163	13	4	14	684
안산시단원구	호수동제5투	1269	874	215	32	5	16	566
안산시단원구	호수동제6투	1103	995	231	28	1	17	595
안산시단원구	호수동제7투	871	789	186	20	5	14	681
안산시단원구	호수동제8투	1028	953	209	39	3	15	514
안산시단원구	호수동제9투	1075	955	230	23	2	22	518
안산시단원구	원곡동제1투	138	156	10	0	0	1	476
안산시단원구	원곡동제2투	142	198	14	0	0	2	380
안산시단원구	원곡동제3투	493	397	67	7	1	11	871
안산시단원구	백운동제4투	337	413	69	10	0	4	321
안산시단원구	백운동제5투	626	666	142	13	1	4	928
안산시단원구	백운동제6투	968	1005	254	26	2	11	1164
안산시단원구	신길동제1투	707	693	138	12	1	11	618
안산시단원구	초지동제1투	817	665	149	16	4	14	411
안산시단원구	초지동제3투	819	827	187	15	1	7	499
안산시단원구	초지동제9투	713	724	120	16	2	16	742
안산시단원구	초지동제12투	432	495	139	16	2	2	793
안산시단원구	선부1동제1투	269	249	52	6	0	7	387
안산시단원구	선부1동제2투	452	434	79	11	3	11	416
안산시단원구	선부1동제3투	561	473	102	14	4	12	515
안산시단원구	선부1동제4투	559	518	88	10	0	17	671
안산시단원구	선부1동제5투	437	446	118	16	3	8	443
안산시단원구	선부1동제6투	1121	1108	224	24	1	10	718
안산시단원구	선부2동제1투	588	496	103	10	1	8	837
안산시단원구	선부2동제2투	540	434	59	6	0	10	671
안산시단원구	선부2동제4투	734	558	102	15	3	13	987
안산시단원구	선부3동제1투	606	420	104	17	2	15	949
안산시단원구	선부3동제2투	671	499	96	13	3	5	941
안산시단원구	선부3동제4투	1218	1079	222	23	4	17	750
안산시단원구	선부3동제5투	927	732	142	10	0	9	749
안산시단원구	선부3동제7투	629	491	88	12	2	13	464
