영광군	영광읍제6투	137	9	5	0	2	1	53
영광군	영광읍제7투	143	18	12	1	0	0	97
영광군	관내사전	1558	80	34	2	8	9	0
영광군	홍농읍제2투	74	12	1	0	0	0	75
영광군	홍농읍제3투	105	12	5	0	2	1	88
영광군	관내사전	721	49	42	7	3	9	0
영광군	대마면제2투	112	7	0	1	2	0	65
영광군	관내사전	765	41	23	3	4	9	0
영광군	묘량면제1투	106	36	9	0	0	0	134
영광군	묘량면제2투	167	16	2	2	1	0	82
영광군	관내사전	741	50	9	6	1	2	0
영광군	불갑면제1투	108	22	3	1	1	1	124
영광군	불갑면제2투	81	10	2	0	2	1	52
영광군	관내사전	1541	87	42	11	11	20	0
영광군	관내사전	1058	44	26	1	8	9	0
영광군	군남면제2투	97	9	4	1	4	3	91
영광군	관내사전	1624	74	33	4	7	11	0
영광군	염산면제3투	154	7	2	1	0	3	108
영광군	염산면제4투	99	15	3	0	0	0	109
영광군	관내사전	2041	128	81	11	5	14	0
영광군	법성면제2투	107	16	2	1	0	0	110
영광군	법성면제3투	105	10	3	2	0	1	115
영광군	법성면제5투	110	24	5	1	0	1	75
영광군	관내사전	78	5	2	0	0	1	0
영광군	관외사전	191	22	21	0	1	5	42
