천안시서북구	성환읍제1투	252	533	53	9	1	1	509
천안시서북구	성환읍제2투	400	779	95	13	1	12	861
천안시서북구	성환읍제3투	449	504	57	13	0	4	442
천안시서북구	성환읍제4투	116	252	26	2	1	0	179
천안시서북구	성환읍제5투	173	315	15	4	0	1	248
천안시서북구	성환읍제6투	267	544	43	4	0	9	515
천안시서북구	성환읍제7투	317	633	80	4	1	9	867
천안시서북구	성환읍제8투	125	232	20	6	0	1	186
천안시서북구	성환읍제10투	605	556	88	27	1	15	575
천안시서북구	관내사전	2149	835	211	25	4	21	1
천안시서북구	성거읍제1투	659	693	82	12	3	9	1041
천안시서북구	성거읍제2투	296	534	42	4	1	3	517
천안시서북구	성거읍제4투	483	721	109	25	2	15	900
천안시서북구	성거읍제5투	229	467	50	6	1	4	564
천안시서북구	성거읍제6투	493	497	90	6	1	5	471
천안시서북구	직산읍제1투	220	511	37	5	0	6	352
천안시서북구	직산읍제2투	871	835	190	28	1	12	1276
천안시서북구	직산읍제3투	361	686	65	6	2	5	706
천안시서북구	직산읍제4투	392	512	89	8	2	10	807
천안시서북구	직산읍제5투	530	416	86	13	1	8	748
천안시서북구	직산읍제6투	593	639	83	18	4	9	815
천안시서북구	입장면제1투	292	528	56	7	2	13	678
천안시서북구	입장면제2투	136	279	26	7	1	6	221
천안시서북구	입장면제3투	366	731	53	2	0	10	769
천안시서북구	입장면제4투	130	250	22	2	0	3	205
천안시서북구	관내사전	1214	578	146	20	0	13	0
천안시서북구	성정1동제2투	620	955	135	16	0	10	1628
천안시서북구	성정1동제3투	554	947	113	11	2	18	1540
천안시서북구	관외사전	137	116	101	4	1	23	16
