서귀포시	대정읍제1투	458	640	71	16	0	13	928
서귀포시	대정읍제2투	294	457	53	10	1	4	686
서귀포시	대정읍제3투	258	248	30	8	0	8	380
서귀포시	대정읍제5투	547	921	123	17	1	5	1169
서귀포시	대정읍제8투	309	416	64	6	0	8	804
서귀포시	대정읍제12투	160	239	42	2	1	1	279
서귀포시	남원읍제1투	135	157	14	4	2	4	203
서귀포시	남원읍제2투	212	244	24	7	2	5	346
서귀포시	남원읍제4투	469	542	95	22	3	10	948
서귀포시	남원읍제5투	288	348	54	14	1	7	360
서귀포시	남원읍제6투	288	316	49	5	1	12	413
서귀포시	남원읍제7투	101	181	22	2	0	3	220
서귀포시	남원읍제8투	399	433	61	10	1	8	586
서귀포시	남원읍제9투	95	115	14	1	1	7	111
서귀포시	남원읍제10투	108	134	17	3	0	0	186
서귀포시	남원읍제11투	75	66	13	4	0	2	87
서귀포시	남원읍제12투	98	100	9	1	0	5	162
서귀포시	남원읍제13투	114	85	10	3	2	0	124
서귀포시	남원읍제14투	96	80	13	1	0	2	69
서귀포시	성산읍제1투	198	360	24	1	1	6	380
서귀포시	성산읍제3투	394	551	74	11	0	7	1039
서귀포시	성산읍제5투	140	237	40	5	4	6	305
서귀포시	성산읍제7투	92	156	11	5	0	5	155
서귀포시	성산읍제8투	66	125	11	4	1	2	123
서귀포시	성산읍제9투	77	165	12	2	0	5	194
서귀포시	성산읍제10투	99	132	16	2	0	4	139
서귀포시	성산읍제11투	141	231	27	5	2	3	287
서귀포시	성산읍제12투	95	138	21	5	0	5	134
서귀포시	안덕면제1투	376	420	71	15	1	11	652
서귀포시	안덕면제2투	319	415	52	19	3	11	627
서귀포시	안덕면제3투	150	256	33	11	2	5	255
서귀포시	안덕면제6투	109	110	11	6	0	1	128
서귀포시	안덕면제7투	129	118	18	4	3	3	174
서귀포시	표선면제1투	591	798	111	28	1	12	1334
서귀포시	표선면제2투	147	218	25	2	0	2	265
서귀포시	표선면제4투	135	179	13	6	0	2	159
서귀포시	표선면제5투	259	210	25	4	0	6	241
서귀포시	표선면제6투	102	77	16	9	0	4	82
서귀포시	표선면제7투	90	140	21	3	1	2	147
서귀포시	표선면제8투	102	95	13	2	0	1	103
서귀포시	표선면제9투	38	56	6	4	0	1	35
서귀포시	송산동제1투	192	271	26	7	0	6	492
서귀포시	송산동제2투	286	435	42	7	0	5	468
서귀포시	정방동투표소	229	299	40	6	1	4	666
서귀포시	중앙동투표소	340	454	53	7	0	9	902
서귀포시	천지동제1투	329	478	68	14	0	9	860
서귀포시	천지동제2투	67	46	7	2	0	0	65
서귀포시	효돈동제1투	275	383	42	8	1	2	519
서귀포시	효돈동제2투	371	458	56	9	2	12	588
서귀포시	영천동제1투	432	536	85	12	1	8	909
서귀포시	영천동제2투	104	170	21	5	0	3	161
서귀포시	영천동제3투	67	101	10	5	0	1	133
서귀포시	관내사전	3227	1094	391	51	6	29	0
서귀포시	동홍동제1투	632	644	117	18	2	10	1199
서귀포시	동홍동제2투	820	779	185	22	4	20	1678
서귀포시	동홍동제3투	729	730	152	24	1	18	1198
서귀포시	동홍동제4투	636	685	101	30	1	21	920
서귀포시	서홍동제1투	893	785	167	25	0	23	1362
서귀포시	서홍동제2투	490	549	89	13	1	16	849
서귀포시	대륜동제1투	355	495	70	8	1	9	670
서귀포시	대륜동제2투	709	726	148	23	0	19	1059
서귀포시	대륜동제3투	380	460	81	9	2	5	553
서귀포시	대륜동제4투	412	495	85	14	0	8	669
서귀포시	대천동제1투	314	335	62	6	1	8	476
서귀포시	대천동제2투	237	298	47	12	1	7	393
서귀포시	대천동제3투	123	150	28	5	1	4	224
서귀포시	대천동제4투	112	95	15	2	0	4	112
서귀포시	대천동제5투	926	927	225	37	0	22	1396
서귀포시	중문동제2투	275	346	58	8	2	6	499
서귀포시	중문동제3투	264	220	38	7	3	7	260
서귀포시	중문동제4투	91	134	12	2	0	1	133
서귀포시	예래동제1투	164	190	27	5	3	3	292
서귀포시	예래동제2투	217	311	32	7	1	4	527
서귀포시	예래동제3투	91	68	19	0	0	1	89
