해운대구	관내사전	1830	1163	229	21	3	18	0
해운대구	우제1동제1투	276	779	59	4	1	9	792
해운대구	우제1동제2투	509	1184	96	20	2	12	748
해운대구	우제1동제3투	290	1041	64	12	2	6	786
해운대구	우제1동제4투	393	1241	135	10	0	12	1189
해운대구	우제1동제5투	503	1390	125	12	0	9	563
해운대구	우제1동제6투	402	924	123	14	2	4	693
해운대구	관내사전	2607	1616	298	29	5	20	0
해운대구	우제2동제1투	656	1721	175	19	2	13	849
해운대구	우제2동제2투	672	1439	183	15	3	15	819
해운대구	우제2동제3투	411	1292	141	15	2	10	785
해운대구	우제2동제4투	430	1354	109	13	7	12	680
해운대구	우제2동제5투	580	1508	161	16	0	13	710
해운대구	우제2동제6투	386	1342	135	9	0	6	703
해운대구	관내사전	2142	1864	386	25	3	20	0
해운대구	우제3동제1투	368	1488	127	9	3	8	814
해운대구	우제3동제2투	397	1581	118	9	2	6	607
해운대구	우제3동제3투	219	1360	56	9	3	7	583
해운대구	우제3동제4투	322	1757	150	5	0	2	1050
해운대구	우제3동제5투	362	1628	192	11	0	6	801
해운대구	우제3동제6투	316	1334	150	11	1	4	584
해운대구	관내사전	2658	1764	372	38	5	26	0
해운대구	중제1동제1투	404	1780	138	11	1	7	1289
해운대구	중제1동제2투	622	1649	177	16	0	12	1122
해운대구	중제1동제3투	555	1108	156	14	1	13	868
해운대구	중제1동제4투	561	1244	134	16	0	19	956
해운대구	중제1동제5투	527	1268	145	16	0	16	950
해운대구	관내사전	1723	972	213	25	1	16	0
해운대구	중제2동제1투	145	394	29	6	0	2	371
해운대구	중제2동제2투	431	949	86	14	1	15	933
해운대구	중제2동제3투	332	1122	90	11	0	7	947
해운대구	관내사전	2517	1320	363	29	2	38	0
해운대구	좌제1동제1투	367	938	146	11	5	14	1050
해운대구	좌제1동제2투	456	1028	102	10	2	11	575
해운대구	좌제1동제3투	567	1062	130	17	1	8	589
해운대구	좌제1동제4투	619	1366	150	15	1	16	659
해운대구	관내사전	3323	1685	355	43	5	28	0
해운대구	좌제2동제1투	477	1129	132	10	1	21	1033
해운대구	좌제2동제2투	540	1312	230	19	2	19	1392
해운대구	좌제2동제3투	490	1126	128	12	1	15	764
해운대구	좌제2동제4투	536	944	131	11	2	9	628
해운대구	좌제2동제5투	617	1241	117	24	1	11	623
해운대구	좌제2동제6투	470	990	107	15	1	12	560
해운대구	좌제2동제7투	384	1036	84	12	1	6	596
해운대구	관내사전	2205	1140	264	27	1	16	0
해운대구	좌제3동제1투	477	1037	133	9	1	10	712
해운대구	좌제3동제2투	367	816	67	11	3	9	527
해운대구	좌제3동제3투	420	946	101	11	0	9	586
해운대구	좌제3동제4투	368	1057	102	13	3	6	596
해운대구	관내사전	3278	1505	373	52	3	33	0
해운대구	좌제4동제1투	410	845	102	9	2	6	520
해운대구	좌제4동제2투	304	520	100	7	1	3	342
해운대구	좌제4동제3투	515	957	124	19	3	12	561
해운대구	좌제4동제4투	481	1127	122	23	1	13	589
해운대구	좌제4동제5투	548	1117	108	12	0	14	433
해운대구	좌제4동제6투	506	1055	113	17	0	6	493
해운대구	관내사전	1106	737	124	14	2	11	0
해운대구	송정동제1투	238	778	78	3	3	11	858
해운대구	송정동제2투	445	1058	75	6	2	5	782
해운대구	송정동제3투	297	645	48	5	1	7	477
해운대구	관내사전	3187	1561	304	37	7	27	0
해운대구	반여제1동제1투	288	672	51	8	0	5	452
해운대구	반여제1동제2투	479	1045	101	16	1	14	717
해운대구	반여제1동제3투	554	1101	109	26	3	13	496
해운대구	반여제1동제4투	667	1352	200	18	2	10	835
해운대구	반여제1동제5투	604	1065	114	21	1	8	554
해운대구	반여제1동제6투	637	793	104	13	1	5	409
해운대구	반여제1동제7투	779	1133	180	17	3	11	679
해운대구	반여제1동제8투	577	1092	108	15	0	11	506
해운대구	반여제1동제9투	860	1219	147	21	2	6	596
해운대구	관내사전	1449	1174	117	17	4	20	0
해운대구	반여제2동제1투	320	814	77	6	0	9	726
해운대구	반여제2동제2투	288	569	52	4	3	9	629
해운대구	반여제2동제3투	294	850	61	6	0	8	990
해운대구	반여제2동제4투	273	596	47	7	3	7	547
해운대구	관내사전	924	749	94	7	1	13	0
해운대구	반여제3동제1투	227	628	42	9	1	7	707
해운대구	반여제3동제2투	228	567	45	11	1	5	588
해운대구	반여제3동제3투	263	677	41	7	1	12	693
해운대구	관내사전	1300	846	130	13	3	21	0
해운대구	반여제4동제1투	402	856	79	9	5	11	630
해운대구	반여제4동제2투	307	837	86	3	0	6	608
해운대구	반여제4동제3투	774	1042	135	22	4	6	473
해운대구	반여제4동제4투	696	1059	149	17	0	12	530
해운대구	관내사전	1627	1503	147	21	2	22	0
해운대구	반송제1동제1투	173	418	25	1	0	2	515
해운대구	반송제1동제2투	173	469	35	3	0	4	482
해운대구	반송제1동제3투	192	420	37	3	1	4	435
해운대구	반송제1동제4투	165	464	34	3	3	5	476
해운대구	반송제1동제5투	181	482	31	4	0	5	584
해운대구	반송제1동제6투	215	492	43	8	1	5	593
해운대구	반송제1동제7투	24	92	4	0	0	2	57
해운대구	관내사전	2475	2051	174	24	7	27	0
해운대구	반송제2동제1투	281	828	47	5	1	6	552
해운대구	반송제2동제2투	393	816	77	5	1	5	795
해운대구	반송제2동제3투	171	448	33	1	1	3	549
해운대구	반송제2동제4투	446	966	60	6	3	10	841
해운대구	반송제2동제5투	407	980	74	5	3	8	743
해운대구	반송제2동제6투	200	581	22	5	2	12	559
해운대구	반송제2동제7투	393	762	69	12	3	6	724
해운대구	관내사전	2845	1814	364	30	4	33	0
해운대구	재송제1동제1투	452	1185	170	14	2	18	1141
해운대구	재송제1동제2투	429	1149	111	21	2	12	902
해운대구	재송제1동제3투	425	945	80	13	1	6	752
해운대구	재송제1동제4투	1036	1325	220	16	0	13	741
해운대구	재송제1동제5투	717	1809	261	28	0	16	914
해운대구	재송제1동제6투	630	1600	251	19	1	10	883
해운대구	재송제1동제7투	681	951	137	20	1	10	412
해운대구	관내사전	2200	1302	191	28	2	28	0
해운대구	재송제2동제1투	303	698	81	9	1	8	720
해운대구	재송제2동제2투	254	573	61	11	0	4	640
해운대구	재송제2동제3투	400	802	78	11	1	12	760
해운대구	재송제2동제4투	382	806	85	9	4	11	621
해운대구	재송제2동제5투	183	314	32	7	1	1	295
해운대구	재송제2동제6투	262	560	53	3	0	6	550
해운대구	재송제2동제7투	454	865	90	9	2	8	719
해운대구	재송제2동제8투	543	839	62	7	2	13	594
해운대구	관외사전	1269	725	265	27	4	33	493
