수원시팔달구	매교동제3투	1056	1034	284	15	1	16	520
수원시팔달구	매교동제4투	958	977	255	24	3	11	570
수원시팔달구	매산동제1투	530	684	134	11	4	11	1597
수원시팔달구	매산동제2투	714	1122	160	12	0	14	558
수원시팔달구	매산동제3투	257	354	56	5	2	6	500
수원시팔달구	고등동제3투	293	488	63	4	2	8	868
수원시팔달구	고등동제4투	581	908	108	9	1	12	1044
수원시팔달구	화서1동제1투	499	846	116	17	3	10	867
수원시팔달구	화서1동제2투	580	839	111	12	4	18	837
수원시팔달구	화서1동제3투	727	931	127	22	4	13	982
수원시팔달구	화서1동제4투	458	709	69	7	0	7	719
수원시팔달구	화서2동제1투	545	744	113	15	0	13	474
수원시팔달구	화서2동제3투	570	658	163	15	1	13	332
수원시팔달구	화서2동제4투	874	965	176	24	3	12	690
수원시팔달구	지동제2투	312	487	67	10	2	4	564
수원시팔달구	지동제4투	382	496	78	6	1	11	576
수원시팔달구	우만1동제2투	652	844	115	16	2	13	982
수원시팔달구	우만1동제3투	544	646	127	14	2	7	738
수원시팔달구	우만1동제4투	566	678	156	25	2	11	986
수원시팔달구	우만1동제5투	325	411	28	5	0	17	355
수원시팔달구	우만1동제6투	416	498	94	10	1	6	362
수원시팔달구	우만2동제2투	444	824	193	16	1	12	641
수원시팔달구	우만2동제4투	758	797	168	17	1	12	472
수원시팔달구	인계동제1투	699	1150	293	15	1	17	1632
수원시팔달구	인계동제6투	410	699	300	12	0	19	1582
수원시팔달구	인계동제7투	567	702	138	13	0	12	1226
