수원시영통구	매탄1동제1투	552	937	178	16	1	13	994
수원시영통구	매탄2동제2투	445	786	90	7	2	10	775
수원시영통구	매탄2동제3투	670	786	135	17	3	11	580
수원시영통구	매탄2동제4투	509	533	111	17	1	10	369
수원시영통구	매탄3동제7투	412	538	252	5	4	19	899
수원시영통구	매탄4동제2투	700	835	171	15	2	16	716
수원시영통구	매탄4동제3투	528	634	137	10	1	15	758
수원시영통구	매탄4동제4투	788	769	167	16	2	11	667
수원시영통구	원천동제2투	645	1149	255	17	6	16	1104
수원시영통구	원천동제3투	928	1107	363	24	2	13	1659
수원시영통구	원천동제4투	413	584	231	14	1	15	524
수원시영통구	원천동제6투	1033	1353	260	22	1	8	685
수원시영통구	광교1동제2투	994	967	287	30	2	11	496
수원시영통구	광교1동제5투	1166	1486	334	29	2	17	665
수원시영통구	광교1동제8투	807	878	353	27	2	16	569
수원시영통구	광교2동제2투	731	883	105	12	1	6	678
수원시영통구	광교2동제5투	774	776	154	19	0	11	447
수원시영통구	영통1동제1투	685	785	203	20	1	14	718
수원시영통구	영통1동제2투	990	1118	295	33	2	17	843
수원시영통구	영통1동제6투	838	905	209	27	3	19	588
수원시영통구	영통2동제2투	1218	1126	397	27	3	26	646
수원시영통구	영통3동제3투	641	566	189	16	0	8	324
수원시영통구	영통3동제6투	654	564	232	12	0	13	443
수원시영통구	영통3동제7투	776	775	231	15	2	24	604
수원시영통구	망포1동제5투	649	728	176	16	1	3	625
수원시영통구	망포2동제1투	561	714	139	12	0	4	563
수원시영통구	관외사전	112	96	64	2	0	7	16
