고양시일산동구	중산1동제5투	543	854	109	16	2	10	809
고양시일산동구	중산2동제3투	1161	1128	178	23	0	18	1035
고양시일산동구	정발산동제2투	486	726	114	20	1	15	661
고양시일산동구	정발산동제3투	613	815	121	18	1	20	772
고양시일산동구	정발산동제5투	519	765	122	18	3	15	705
고양시일산동구	백석1동제1투	424	550	85	13	1	6	578
고양시일산동구	백석2동제1투	565	768	124	13	0	9	780
고양시일산동구	백석2동제2투	660	763	104	13	0	17	802
고양시일산동구	마두1동제5투	529	832	108	24	1	6	661
고양시일산동구	장항1동제1투	153	416	27	4	0	3	340
고양시일산동구	장항1동제3투	468	552	122	12	0	11	456
고양시일산동구	장항1동제4투	1197	821	339	26	2	28	605
고양시일산동구	장항2동제5투	795	892	188	21	6	17	2040
