안양시동안구	비산1동제7투	573	721	129	14	0	3	325
안양시동안구	비산2동제2투	889	973	258	16	1	15	640
안양시동안구	비산2동제3투	536	906	164	27	1	9	493
안양시동안구	부흥동제2투	489	687	144	18	1	8	307
안양시동안구	부흥동제3투	381	501	50	7	1	10	389
안양시동안구	부흥동제5투	667	667	128	16	1	6	391
안양시동안구	달안동제1투	463	608	143	13	3	15	629
안양시동안구	귀인동제2투	886	1188	190	28	1	11	551
안양시동안구	호계3동제1투	677	960	131	19	0	7	798
안양시동안구	범계동제2투	515	651	131	17	0	13	489
안양시동안구	범계동제4투	486	795	127	15	0	12	315
안양시동안구	신촌동제3투	329	432	76	9	1	4	206
안양시동안구	관내사전	1267	539	185	20	4	8	0
안양시동안구	갈산동제1투	571	1054	152	16	0	8	531
