전주시덕진구	진북동제3투	627	140	38	5	1	2	362
전주시덕진구	진북동제4투	573	206	56	6	0	5	416
전주시덕진구	인후1동제1투	666	194	71	8	4	10	763
전주시덕진구	인후2동제1투	589	145	39	7	0	6	424
전주시덕진구	인후2동제2투	299	86	24	4	2	0	403
전주시덕진구	인후2동제3투	583	129	50	6	0	5	554
전주시덕진구	인후3동제2투	725	165	68	15	0	3	647
전주시덕진구	덕진동제1투	590	295	157	9	2	22	774
전주시덕진구	덕진동제2투	695	201	80	11	1	9	562
전주시덕진구	덕진동제3투	868	212	97	10	2	7	672
전주시덕진구	금암동제1투	728	251	174	19	1	9	775
전주시덕진구	금암동제3투	433	114	36	10	1	2	510
전주시덕진구	금암동제4투	703	214	76	15	0	1	537
전주시덕진구	금암동제5투	416	183	79	9	3	2	536
전주시덕진구	우아1동제1투	562	201	51	8	1	4	599
전주시덕진구	우아1동제3투	422	132	70	6	1	4	618
전주시덕진구	호성동제1투	296	56	18	1	1	4	212
전주시덕진구	송천2동제2투	913	173	65	12	2	6	373
전주시덕진구	송천2동제6투	628	106	45	15	1	7	370
