청주시청원구	관내사전	4959	1655	755	42	5	38	0
청주시청원구	오창읍제1투	293	570	51	7	2	6	785
청주시청원구	오창읍제2투	375	564	58	7	2	10	667
청주시청원구	오창읍제3투	142	295	25	2	2	1	275
청주시청원구	오창읍제4투	1194	982	217	31	1	13	815
청주시청원구	오창읍제5투	963	615	139	12	1	12	400
청주시청원구	오창읍제6투	1102	585	160	16	1	10	452
청주시청원구	오창읍제7투	1286	636	158	15	1	7	534
청주시청원구	오창읍제9투	1211	585	157	20	2	14	494
청주시청원구	오창읍제10투	622	563	199	9	2	11	1019
청주시청원구	오창읍제11투	639	651	259	14	4	7	1226
청주시청원구	오창읍제12투	556	619	258	23	2	10	1272
청주시청원구	오창읍제13투	930	645	222	27	2	12	851
청주시청원구	오창읍제14투	868	528	142	14	1	15	491
청주시청원구	오창읍제15투	976	671	216	18	3	21	667
청주시청원구	오창읍제16투	925	561	175	11	1	9	315
청주시청원구	관내사전	2399	1275	243	36	5	44	0
청주시청원구	내수읍제3투	156	269	21	3	0	1	234
청주시청원구	내수읍제4투	620	722	170	22	2	4	973
청주시청원구	내수읍제6투	621	683	81	16	0	17	949
청주시청원구	내수읍제7투	189	282	32	4	0	3	404
청주시청원구	관내사전	568	354	62	14	5	14	0
청주시청원구	북이면제3투	128	282	15	1	1	2	248
청주시청원구	북이면제4투	154	308	22	5	1	6	296
청주시청원구	관내사전	1392	1004	264	22	3	24	0
청주시청원구	우암동제1투	302	585	94	18	0	10	762
청주시청원구	우암동제4투	494	778	113	14	1	10	795
청주시청원구	관내사전	1609	947	180	25	3	11	0
청주시청원구	내덕제1동제3투	379	638	61	7	1	6	556
청주시청원구	관내사전	1695	934	220	25	2	19	0
청주시청원구	내덕제2동제1투	267	532	58	5	3	6	654
청주시청원구	관내사전	4410	1759	593	68	7	52	0
청주시청원구	율량·사천동제4투	433	648	74	12	3	9	368
청주시청원구	율량·사천동제10투	500	549	144	20	0	11	676
청주시청원구	율량·사천동제11투	691	713	114	25	3	6	449
청주시청원구	율량·사천동제12투	573	529	103	12	2	10	455
청주시청원구	관내사전	1469	614	240	15	3	14	0
청주시청원구	관외사전	417	145	89	12	2	11	113
