성남시중원구	관내사전	4481	1347	496	39	5	31	1
성남시중원구	성남동제1투	583	670	127	17	1	11	1018
성남시중원구	성남동제2투	859	784	132	15	2	15	852
성남시중원구	성남동제3투	780	817	153	17	1	13	681
성남시중원구	성남동제4투	660	645	101	5	3	9	832
성남시중원구	성남동제6투	982	957	174	15	4	15	1001
성남시중원구	관내사전	2271	756	181	13	2	12	0
성남시중원구	중앙동제2투	504	461	56	5	0	5	605
성남시중원구	중앙동제4투	973	733	160	16	0	13	520
성남시중원구	관내사전	3135	940	336	32	3	33	0
성남시중원구	금광1동제1투	853	875	188	15	3	10	866
성남시중원구	금광1동제2투	1091	853	191	14	1	12	746
성남시중원구	금광1동제3투	507	462	82	7	1	12	460
성남시중원구	금광1동제4투	989	836	179	19	0	17	598
성남시중원구	관내사전	3385	1083	278	29	3	30	0
성남시중원구	금광2동제1투	553	564	92	14	0	9	847
성남시중원구	금광2동제2투	519	556	98	14	2	8	901
성남시중원구	금광2동제3투	484	389	66	6	3	12	568
성남시중원구	금광2동제5투	549	660	93	10	1	14	989
성남시중원구	금광2동제6투	1211	1107	191	22	1	15	656
성남시중원구	관내사전	1735	527	154	18	4	20	0
성남시중원구	은행1동제2투	482	361	93	12	2	5	713
성남시중원구	은행1동제3투	635	677	94	12	0	11	420
성남시중원구	관내사전	3330	1025	212	34	6	27	0
성남시중원구	은행2동제1투	454	376	67	5	3	7	621
성남시중원구	은행2동제3투	469	423	64	7	0	6	523
성남시중원구	은행2동제4투	364	335	60	6	0	7	527
성남시중원구	은행2동제5투	506	400	89	10	2	8	616
성남시중원구	은행2동제6투	745	887	117	17	1	9	705
성남시중원구	관내사전	3194	919	236	35	5	19	0
성남시중원구	상대원1동제1투	743	689	99	7	1	19	1171
성남시중원구	상대원1동제2투	834	662	116	16	1	7	1137
성남시중원구	상대원1동제3투	426	405	47	11	1	4	625
성남시중원구	상대원1동제4투	691	516	73	12	1	7	339
성남시중원구	상대원1동제5투	732	611	74	6	1	10	494
성남시중원구	상대원1동제6투	384	369	75	8	2	6	397
성남시중원구	상대원1동제7투	650	567	82	14	1	7	646
성남시중원구	관내사전	899	257	51	8	1	7	0
성남시중원구	관내사전	2524	762	137	18	0	16	0
성남시중원구	상대원3동제2투	589	434	73	7	0	10	723
성남시중원구	상대원3동제3투	690	605	82	4	1	11	967
성남시중원구	관내사전	3214	1174	250	26	8	28	0
성남시중원구	하대원동제2투	618	550	98	7	1	9	560
성남시중원구	하대원동제3투	875	893	117	16	4	9	702
성남시중원구	하대원동제5투	536	479	108	7	1	8	495
성남시중원구	관내사전	3213	984	213	26	1	22	1
성남시중원구	도촌동제2투	856	919	132	23	4	12	707
성남시중원구	도촌동제3투	733	787	135	18	2	10	788
성남시중원구	도촌동제6투	502	401	42	4	0	9	277
