고양시일산서구	일산1동제1투	609	683	110	12	1	14	818
고양시일산서구	일산1동제2투	789	809	116	14	1	13	850
고양시일산서구	일산1동제3투	475	668	85	20	0	6	660
고양시일산서구	일산1동제4투	773	790	140	13	1	11	849
고양시일산서구	일산1동제5투	670	924	122	24	1	20	697
고양시일산서구	일산1동제6투	626	761	143	17	1	13	633
고양시일산서구	관내사전	2454	887	237	34	2	14	0
고양시일산서구	일산2동제1투	486	563	86	9	1	12	616
고양시일산서구	일산2동제2투	980	1150	173	27	1	7	618
고양시일산서구	일산2동제3투	641	936	135	15	1	12	614
고양시일산서구	일산2동제4투	415	641	61	12	6	11	708
고양시일산서구	일산2동제5투	482	697	81	14	3	7	952
고양시일산서구	관내사전	4316	1178	441	60	6	38	1
고양시일산서구	일산3동제1투	576	652	132	12	4	5	578
고양시일산서구	일산3동제2투	842	1047	201	32	1	11	636
고양시일산서구	일산3동제4투	713	674	96	12	0	7	476
고양시일산서구	일산3동제5투	889	811	164	21	1	16	634
고양시일산서구	일산3동제6투	633	770	153	18	0	6	442
고양시일산서구	일산3동제7투	570	534	102	11	3	11	432
고양시일산서구	일산3동제8투	660	807	149	16	2	7	527
고양시일산서구	관내사전	4187	1329	409	59	6	46	0
고양시일산서구	탄현1동제2투	529	616	111	9	0	12	579
고양시일산서구	탄현1동제3투	713	737	129	10	2	12	657
고양시일산서구	탄현1동제4투	691	694	128	21	1	5	913
고양시일산서구	탄현1동제5투	810	781	124	22	2	11	864
고양시일산서구	탄현1동제7투	716	751	118	10	0	9	488
고양시일산서구	탄현1동제8투	352	434	72	3	0	4	309
고양시일산서구	관내사전	2852	812	234	35	2	19	0
고양시일산서구	탄현2동제1투	404	490	65	15	2	9	608
고양시일산서구	탄현2동제3투	735	923	122	24	0	6	775
고양시일산서구	탄현2동제4투	912	736	160	30	1	8	601
고양시일산서구	관내사전	3969	1291	422	53	1	34	0
고양시일산서구	주엽1동제1투	582	837	114	11	0	6	714
고양시일산서구	주엽1동제2투	582	708	116	11	1	13	465
고양시일산서구	주엽1동제3투	585	759	101	13	2	9	425
고양시일산서구	주엽1동제4투	699	765	142	24	2	11	587
고양시일산서구	주엽1동제5투	352	388	55	8	0	1	386
고양시일산서구	주엽1동제6투	564	799	121	21	1	8	454
고양시일산서구	주엽1동제7투	587	917	123	20	0	16	622
고양시일산서구	주엽1동제8투	521	582	79	15	1	8	402
고양시일산서구	관내사전	3398	1101	346	45	1	29	0
고양시일산서구	주엽2동제1투	453	748	126	11	1	8	554
고양시일산서구	주엽2동제2투	584	686	115	25	0	13	474
고양시일산서구	주엽2동제3투	464	555	90	14	0	7	420
고양시일산서구	주엽2동제4투	572	742	103	11	1	9	629
고양시일산서구	주엽2동제5투	445	662	79	12	1	16	420
고양시일산서구	주엽2동제6투	402	517	75	17	0	7	489
고양시일산서구	주엽2동제7투	750	948	147	23	2	9	598
고양시일산서구	주엽2동제8투	653	872	121	20	3	13	615
고양시일산서구	관내사전	3903	1187	429	83	2	24	0
고양시일산서구	대화동제1투	689	813	127	23	2	11	941
고양시일산서구	대화동제2투	905	733	127	23	2	15	616
고양시일산서구	대화동제3투	915	1023	163	25	1	19	735
고양시일산서구	대화동제4투	384	555	89	16	0	8	542
고양시일산서구	대화동제5투	561	740	115	16	4	13	773
고양시일산서구	대화동제6투	793	1108	202	33	2	10	965
고양시일산서구	대화동제7투	518	669	131	17	2	14	934
고양시일산서구	관내사전	2598	832	247	26	2	15	0
고양시일산서구	송포동제2투	784	1139	168	22	0	11	765
고양시일산서구	송포동제3투	720	962	150	15	0	8	754
고양시일산서구	관내사전	3435	999	242	22	1	25	0
고양시일산서구	덕이동제1투	674	840	125	12	1	7	888
고양시일산서구	덕이동제2투	844	1043	137	13	5	11	1302
고양시일산서구	덕이동제5투	1285	1602	201	32	2	9	1174
고양시일산서구	덕이동제6투	728	792	115	15	2	7	1101
고양시일산서구	관내사전	2811	1005	248	39	6	20	0
고양시일산서구	가좌동제1투	578	826	107	17	2	7	560
고양시일산서구	가좌동제2투	394	979	78	6	0	11	913
고양시일산서구	가좌동제3투	845	907	127	17	0	7	691
