용인시기흥구	신갈동제1투	517	726	149	8	2	13	1051
용인시기흥구	신갈동제2투	505	669	116	11	1	6	671
용인시기흥구	신갈동제3투	533	692	120	8	1	9	698
용인시기흥구	신갈동제5투	769	1016	160	19	1	5	600
용인시기흥구	신갈동제6투	906	694	168	15	1	16	384
용인시기흥구	영덕1동제1투	1129	1710	295	25	2	32	1322
용인시기흥구	영덕1동제2투	716	795	138	19	1	9	451
용인시기흥구	영덕1동제5투	878	928	225	19	4	17	804
용인시기흥구	관내사전	2358	730	307	20	4	17	0
용인시기흥구	영덕2동제1투	844	1288	142	19	0	11	982
용인시기흥구	구갈동제1투	459	716	192	9	2	15	1084
용인시기흥구	구갈동제6투	499	456	82	11	2	12	277
용인시기흥구	구갈동제7투	459	543	105	12	1	6	387
용인시기흥구	관내사전	2384	801	313	24	2	24	0
용인시기흥구	상갈동제1투	571	717	144	18	2	12	869
용인시기흥구	상갈동제2투	620	690	176	26	1	15	776
용인시기흥구	보라동제1투	523	582	115	15	3	10	662
용인시기흥구	보라동제2투	561	651	96	10	3	8	434
용인시기흥구	보라동제5투	803	955	143	19	2	16	1054
용인시기흥구	관내사전	2075	792	193	14	3	12	0
용인시기흥구	기흥동제1투	487	839	87	14	0	11	789
용인시기흥구	기흥동제2투	648	690	96	13	1	12	684
용인시기흥구	기흥동제3투	111	315	25	2	0	4	287
용인시기흥구	서농동제1투	73	307	170	5	0	4	273
용인시기흥구	서농동제2투	834	1070	222	20	1	15	535
용인시기흥구	서농동제3투	671	1022	299	20	2	16	773
용인시기흥구	서농동제5투	1049	845	201	26	2	17	532
용인시기흥구	서농동제6투	645	614	138	17	0	11	364
용인시기흥구	구성동제1투	703	1609	196	15	2	14	1101
용인시기흥구	구성동제5투	650	614	78	9	1	4	307
용인시기흥구	구성동제6투	1018	1009	176	21	2	7	987
용인시기흥구	관내사전	3365	1341	356	43	2	20	0
용인시기흥구	관내사전	4014	905	350	49	3	27	0
용인시기흥구	동백1동제1투	1309	890	174	20	0	14	768
용인시기흥구	동백1동제4투	910	853	121	16	3	15	697
용인시기흥구	동백1동제5투	1050	874	212	17	0	14	812
용인시기흥구	동백2동제2투	1076	1368	218	31	1	19	1178
용인시기흥구	관내사전	2986	867	338	23	1	18	0
용인시기흥구	동백3동제3투	1182	1402	238	13	1	14	1200
용인시기흥구	관내사전	2789	1001	262	37	5	23	0
용인시기흥구	상하동제1투	848	1163	185	20	3	12	1119
용인시기흥구	상하동제2투	909	1084	171	11	2	16	830
용인시기흥구	상하동제3투	822	881	128	16	1	10	591
용인시기흥구	보정동제7투	264	408	55	7	0	5	269
