수원시장안구	파장동제2투	578	776	115	9	0	11	934
수원시장안구	파장동제5투	358	552	69	4	5	7	685
수원시장안구	파장동제7투	758	686	159	22	2	7	285
수원시장안구	관내사전	4224	1392	457	41	3	47	0
수원시장안구	정자1동제1투	717	971	144	17	0	16	1129
수원시장안구	관내사전	3011	1217	282	42	2	29	0
수원시장안구	정자2동제1투	435	623	78	13	0	10	809
수원시장안구	정자2동제2투	688	876	141	18	1	11	684
수원시장안구	정자2동제5투	838	803	182	21	4	16	498
수원시장안구	정자2동제6투	778	826	180	26	3	8	675
수원시장안구	정자3동제1투	564	635	125	14	0	13	536
수원시장안구	정자3동제9투	544	576	184	13	1	16	474
수원시장안구	관내사전	2427	1085	167	28	2	14	0
수원시장안구	관내사전	2516	1011	305	28	3	29	0
수원시장안구	송죽동제1투	527	695	105	14	2	5	783
수원시장안구	송죽동제2투	618	744	119	10	2	13	719
수원시장안구	송죽동제3투	1150	1283	225	23	1	16	1220
수원시장안구	송죽동제4투	568	758	86	5	0	4	912
수원시장안구	조원1동제1투	627	852	122	14	0	16	1169
수원시장안구	조원1동제2투	584	702	104	10	1	15	775
수원시장안구	조원1동제4투	648	749	133	12	3	9	741
수원시장안구	조원1동제6투	499	644	122	12	1	10	457
수원시장안구	관내사전	3266	1403	392	45	5	20	0
수원시장안구	조원2동제1투	676	1132	172	16	4	11	657
수원시장안구	조원2동제2투	572	985	145	16	2	15	537
수원시장안구	조원2동제4투	473	811	138	10	3	10	471
수원시장안구	관내사전	1727	783	221	16	3	15	0
수원시장안구	연무동제1투	204	332	31	2	1	2	465
수원시장안구	연무동제2투	367	600	74	8	1	9	608
수원시장안구	연무동제3투	447	776	114	9	1	8	640
수원시장안구	연무동제4투	552	802	124	13	2	10	822
수원시장안구	연무동제5투	605	1024	175	20	3	17	887
