고양시덕양구	주교동제1투	353	489	42	16	3	4	630
고양시덕양구	주교동제3투	498	644	97	12	0	8	836
고양시덕양구	흥도동제1투	144	309	22	6	0	8	406
고양시덕양구	흥도동제6투	780	557	118	14	0	8	318
고양시덕양구	성사1동제1투	694	773	193	14	1	10	817
고양시덕양구	성사1동제3투	735	785	119	17	0	16	1309
고양시덕양구	성사2동제2투	524	750	98	18	2	3	558
고양시덕양구	성사2동제3투	661	745	109	10	0	13	560
고양시덕양구	효자동제1투	173	411	39	3	0	3	285
고양시덕양구	삼송2동제1투	753	863	116	20	2	14	704
고양시덕양구	삼송2동제5투	688	738	180	14	4	13	594
고양시덕양구	창릉동제1투	338	481	54	5	0	6	688
고양시덕양구	창릉동제3투	503	506	116	13	2	10	575
고양시덕양구	관산동제4투	627	753	76	5	0	4	826
고양시덕양구	능곡동제1투	608	828	103	7	2	9	732
고양시덕양구	능곡동제3투	393	609	98	6	1	11	502
고양시덕양구	화정1동제1투	822	811	151	15	2	7	529
고양시덕양구	화정1동제4투	593	742	124	12	0	9	559
고양시덕양구	화정1동제5투	657	1149	159	24	2	10	724
고양시덕양구	화정1동제6투	499	719	146	16	1	10	938
고양시덕양구	화정1동제8투	592	992	133	15	0	9	585
고양시덕양구	화정2동제3투	910	855	196	18	2	7	601
고양시덕양구	화정2동제6투	652	718	122	21	1	7	389
고양시덕양구	화정2동제7투	780	750	163	27	2	8	610
고양시덕양구	행주동제1투	127	162	22	0	0	0	351
고양시덕양구	행주동제6투	509	756	107	12	1	8	734
고양시덕양구	행신1동제4투	826	853	167	27	2	11	632
고양시덕양구	행신2동제6투	733	647	151	25	1	15	518
고양시덕양구	행신2동제8투	73	139	11	6	0	1	93
고양시덕양구	행신4동제1투	556	669	103	10	3	14	1058
