성남시분당구	수내1동제4투	273	592	87	5	0	10	307
성남시분당구	정자동제2투	686	1401	181	26	6	11	525
성남시분당구	이매2동제1투	380	908	126	8	2	7	480
성남시분당구	이매2동제3투	590	1442	165	13	0	14	559
성남시분당구	야탑1동제1투	307	766	145	14	1	13	734
성남시분당구	야탑1동제5투	292	548	100	9	1	7	395
성남시분당구	야탑3동제1투	626	881	202	13	2	19	809
성남시분당구	야탑3동제5투	568	656	109	12	1	10	322
성남시분당구	야탑3동제6투	599	809	102	16	0	7	507
성남시분당구	금곡동제3투	327	526	71	6	1	12	537
성남시분당구	금곡동제6투	837	1408	236	22	0	11	839
성남시분당구	구미동제4투	259	1127	86	6	1	3	714
성남시분당구	삼평동제2투	660	880	172	13	2	11	568
성남시분당구	운중동제2투	487	928	135	5	0	7	500
