서귀포시	남원읍제5투	288	348	54	14	1	7	360
서귀포시	남원읍제6투	288	316	49	5	1	12	413
서귀포시	남원읍제7투	101	181	22	2	0	3	220
서귀포시	남원읍제9투	95	115	14	1	1	7	111
서귀포시	남원읍제10투	108	134	17	3	0	0	186
서귀포시	남원읍제11투	75	66	13	4	0	2	87
서귀포시	남원읍제12투	98	100	9	1	0	5	162
서귀포시	남원읍제13투	114	85	10	3	2	0	124
서귀포시	남원읍제14투	96	80	13	1	0	2	69
서귀포시	성산읍제12투	95	138	21	5	0	5	134
서귀포시	표선면제1투	591	798	111	28	1	12	1334
서귀포시	표선면제4투	135	179	13	6	0	2	159
서귀포시	표선면제5투	259	210	25	4	0	6	241
서귀포시	표선면제6투	102	77	16	9	0	4	82
서귀포시	표선면제9투	38	56	6	4	0	1	35
서귀포시	송산동제1투	192	271	26	7	0	6	492
서귀포시	송산동제2투	286	435	42	7	0	5	468
서귀포시	정방동투표소	229	299	40	6	1	4	666
서귀포시	중앙동투표소	340	454	53	7	0	9	902
서귀포시	효돈동제1투	275	383	42	8	1	2	519
서귀포시	효돈동제2투	371	458	56	9	2	12	588
서귀포시	영천동제1투	432	536	85	12	1	8	909
서귀포시	영천동제2투	104	170	21	5	0	3	161
서귀포시	영천동제3투	67	101	10	5	0	1	133
서귀포시	동홍동제3투	729	730	152	24	1	18	1198
서귀포시	동홍동제4투	636	685	101	30	1	21	920
서귀포시	대륜동제1투	355	495	70	8	1	9	670
서귀포시	대륜동제3투	380	460	81	9	2	5	553
서귀포시	대륜동제4투	412	495	85	14	0	8	669
서귀포시	대천동제2투	237	298	47	12	1	7	393
서귀포시	대천동제4투	112	95	15	2	0	4	112
서귀포시	중문동제3투	264	220	38	7	3	7	260
서귀포시	중문동제4투	91	134	12	2	0	1	133
서귀포시	예래동제2투	217	311	32	7	1	4	527
