여수시	소라면제1투	299	66	15	3	1	5	314
여수시	동문동제1투	366	85	15	2	2	2	327
여수시	동문동제2투	166	42	3	3	0	2	199
여수시	동문동제3투	180	34	5	2	0	0	142
여수시	한려동제1투	206	47	14	2	0	4	188
여수시	중앙동제2투	288	60	13	3	1	0	348
여수시	충무동제1투	235	36	9	1	0	0	314
여수시	충무동제2투	431	43	18	2	0	2	364
여수시	광림동제1투	341	61	9	2	2	2	402
여수시	서강동제1투	294	53	15	1	1	1	358
여수시	서강동제2투	413	82	30	5	0	3	338
여수시	대교동제1투	595	101	25	2	0	3	705
여수시	대교동제2투	349	27	10	5	1	5	223
여수시	국동제3투	755	106	36	8	1	4	550
여수시	여서동제1투	468	109	36	6	2	1	603
여수시	여서동제2투	665	130	38	6	2	5	361
여수시	여서동제5투	901	131	52	16	0	3	294
여수시	문수동제1투	423	49	14	5	0	1	149
여수시	미평동제1투	568	195	67	14	1	9	562
여수시	미평동제4투	456	121	39	7	0	1	264
여수시	둔덕동제2투	710	160	48	9	0	4	557
여수시	만덕동제1투	872	134	47	11	1	5	525
여수시	쌍봉동제1투	371	121	59	6	1	4	465
여수시	시전동제1투	640	112	60	6	0	2	390
여수시	시전동제4투	334	87	42	2	1	7	400
여수시	주삼동제1투	184	55	14	2	0	2	268
여수시	삼일동투표소	266	69	18	2	0	4	322
