부산진구	관내사전	1822	2747	113	2	28	1	25	0
부산진구	부전제1동제1투	324	710	30	3	22	1	13	1328
부산진구	부전제1동제2투	619	1048	50	2	35	0	52	1697
부산진구	부전제1동제3투	318	838	23	0	29	0	13	1072
부산진구	부전제1동제4투	431	813	28	0	7	0	9	468
부산진구	관내사전	1024	1219	58	2	27	1	33	0
부산진구	부전제2동제1투	471	833	28	0	21	1	28	1216
부산진구	부전제2동제2투	185	349	15	0	9	1	10	961
부산진구	부전제2동제3투	500	1297	20	0	15	1	4	588
부산진구	관내사전	1924	2495	79	2	18	0	18	0
부산진구	연지동제1투	657	1104	45	1	13	0	16	623
부산진구	연지동제2투	510	1096	22	1	22	0	18	876
부산진구	연지동제3투	242	586	15	0	9	0	8	647
부산진구	연지동제4투	501	1030	25	2	16	0	11	807
부산진구	연지동제5투	603	1043	47	0	14	0	13	801
부산진구	관내사전	2026	3046	88	2	24	0	27	0
부산진구	초읍동제1투	675	1195	45	0	25	1	9	881
부산진구	초읍동제2투	366	922	23	1	20	0	6	746
부산진구	초읍동제3투	240	635	15	0	10	0	3	667
부산진구	초읍동제4투	363	752	26	0	20	0	8	689
부산진구	초읍동제5투	476	915	26	1	11	0	12	952
부산진구	초읍동제6투	361	791	12	2	13	0	5	651
부산진구	관내사전	2142	2590	103	0	25	0	26	8
부산진구	양정제1동제1투	325	626	19	0	16	0	13	746
부산진구	양정제1동제2투	570	1181	36	0	12	0	8	641
부산진구	양정제1동제3투	727	1317	54	1	14	0	18	694
부산진구	양정제1동제4투	634	1085	37	0	36	1	21	1192
부산진구	양정제1동제5투	321	605	20	0	8	0	16	734
부산진구	관내사전	620	810	29	0	6	0	10	1
부산진구	양정제2동제1투	524	794	51	2	29	0	24	1263
부산진구	양정제2동제2투	651	1073	38	0	29	2	24	1377
부산진구	양정제2동제3투	201	442	15	0	9	0	11	663
부산진구	관내사전	2077	2528	132	4	38	2	46	0
부산진구	전포제1동제1투	414	759	40	2	26	1	23	1428
부산진구	전포제1동제2투	420	804	27	0	30	1	14	1070
부산진구	전포제1동제3투	512	788	60	2	31	0	29	1357
부산진구	전포제1동제4투	400	823	33	1	22	0	12	966
부산진구	전포제1동제5투	651	1134	58	0	15	1	17	730
부산진구	관내사전	1588	2029	58	1	31	0	17	0
부산진구	전포제2동제1투	354	729	26	2	16	1	14	977
부산진구	전포제2동제2투	431	742	26	0	27	0	16	952
부산진구	전포제2동제3투	557	1069	31	1	23	1	13	817
부산진구	전포제2동제4투	393	877	34	2	18	2	19	812
부산진구	전포제2동제5투	675	1148	53	2	29	1	30	1505
부산진구	관내사전	2053	2400	70	0	18	1	22	0
부산진구	부암제1동제1투	204	436	10	0	18	0	12	637
부산진구	부암제1동제2투	687	887	35	0	19	1	10	754
부산진구	부암제1동제3투	381	637	24	1	3	0	19	908
부산진구	부암제1동제4투	722	1239	51	0	23	0	20	1246
부산진구	부암제1동제5투	774	1309	42	2	22	0	22	1357
부산진구	관내사전	2205	2367	65	1	26	3	22	0
부산진구	부암제3동제1투	321	602	17	1	18	0	15	917
부산진구	부암제3동제2투	678	1083	29	1	20	0	12	793
부산진구	부암제3동제3투	337	692	12	0	14	0	5	671
부산진구	부암제3동제4투	948	1009	56	2	9	1	18	1065
부산진구	관내사전	2233	2551	69	2	25	1	27	0
부산진구	당감제1동제1투	378	722	20	1	14	0	13	809
부산진구	당감제1동제2투	411	846	31	1	14	1	14	849
부산진구	당감제1동제3투	317	612	19	0	7	0	13	832
부산진구	당감제1동제4투	771	1080	45	1	17	1	21	1295
부산진구	당감제1동제5투	653	835	23	2	12	0	12	554
부산진구	당감제1동제6투	744	919	50	0	15	0	11	666
부산진구	관내사전	1397	1719	81	1	20	1	14	0
부산진구	당감제2동제1투	478	901	50	0	17	0	18	1024
부산진구	당감제2동제2투	420	658	19	1	8	0	12	331
부산진구	당감제2동제3투	483	835	32	1	14	1	7	424
부산진구	관내사전	1625	1662	62	2	15	0	14	0
부산진구	당감제4동제1투	215	398	15	1	8	0	7	530
부산진구	당감제4동제2투	364	570	23	0	11	0	14	837
부산진구	당감제4동제3투	847	981	45	1	30	1	19	1138
부산진구	관내사전	1852	2516	79	2	34	0	28	0
부산진구	가야제1동제1투	426	803	47	2	18	1	16	826
부산진구	가야제1동제2투	429	732	24	2	15	0	26	996
부산진구	가야제1동제3투	412	709	40	0	8	1	26	890
부산진구	가야제1동제4투	325	607	14	1	15	1	10	741
부산진구	가야제1동제5투	316	569	22	0	18	1	15	782
부산진구	가야제1동제6투	228	470	27	1	12	0	13	728
부산진구	관내사전	1688	2361	64	0	25	0	15	0
부산진구	가야제2동제1투	494	852	36	4	16	0	12	909
부산진구	가야제2동제2투	403	905	28	0	12	0	15	856
부산진구	가야제2동제3투	368	785	23	3	16	0	17	777
부산진구	가야제2동제4투	537	1100	47	2	21	1	16	850
부산진구	관내사전	1805	2243	98	2	27	3	34	2
부산진구	개금제1동제1투	776	1191	68	1	30	1	27	1501
부산진구	개금제1동제2투	622	1139	68	0	28	1	25	1417
부산진구	개금제1동제3투	483	927	41	1	32	1	21	1102
부산진구	관내사전	1302	1741	65	3	24	0	24	0
부산진구	개금제2동제1투	375	606	31	1	16	1	8	851
부산진구	개금제2동제2투	297	629	23	1	15	0	12	774
부산진구	개금제2동제3투	533	978	38	1	10	0	19	719
부산진구	관내사전	2345	2843	84	4	29	1	34	0
부산진구	개금제3동제1투	338	598	24	3	19	0	12	731
부산진구	개금제3동제2투	480	794	34	0	14	0	16	860
부산진구	개금제3동제3투	647	934	43	2	13	1	21	850
부산진구	개금제3동제4투	687	1112	49	1	17	2	7	638
부산진구	개금제3동제5투	411	636	24	0	12	0	19	694
부산진구	개금제3동제6투	482	803	28	4	21	0	10	758
부산진구	개금제3동제7투	530	961	37	0	14	0	16	617
부산진구	개금제3동제8투	548	893	39	0	15	0	12	541
부산진구	관내사전	1315	1616	57	3	18	1	18	0
부산진구	범천제1동제1투	552	1165	43	1	27	0	15	1438
부산진구	범천제1동제2투	599	1161	52	1	30	0	33	2009
부산진구	관내사전	1701	2259	65	6	38	1	14	0
부산진구	범천제2동제1투	584	850	41	1	21	1	25	1177
부산진구	범천제2동제2투	491	691	39	0	28	0	12	1065
부산진구	범천제2동제3투	180	460	12	1	9	0	10	597
부산진구	범천제2동제4투	291	596	22	0	15	0	12	703
부산진구	범천제2동제5투	242	518	12	1	10	0	3	443
부산진구	범천제2동제6투	603	986	43	1	20	0	23	797
부산진구	관외사전	12065	14179	775	18	346	8	464	386
