청주시흥덕구	관내사전	2207	1572	86	1	20	1	32	0
청주시흥덕구	오송읍제1투	250	350	15	0	6	0	5	501
청주시흥덕구	오송읍제2투	191	311	18	0	7	0	8	342
청주시흥덕구	오송읍제3투	551	654	45	0	17	0	15	791
청주시흥덕구	오송읍제4투	813	506	52	1	23	0	18	648
청주시흥덕구	오송읍제5투	887	798	45	1	20	0	25	760
청주시흥덕구	오송읍제6투	845	636	68	2	10	0	33	617
청주시흥덕구	오송읍제7투	631	667	54	0	31	0	15	846
청주시흥덕구	관내사전	1838	1750	92	1	22	0	21	0
청주시흥덕구	강내면제1투	486	522	28	2	10	0	14	773
청주시흥덕구	강내면제2투	255	410	11	0	7	0	7	461
청주시흥덕구	강내면제3투	613	649	50	1	16	0	13	936
청주시흥덕구	관내사전	1944	1736	92	2	25	1	23	0
청주시흥덕구	옥산면제1투	309	444	13	0	10	0	9	617
청주시흥덕구	옥산면제2투	649	786	51	2	31	2	20	1380
청주시흥덕구	옥산면제3투	725	580	58	1	23	1	14	680
청주시흥덕구	옥산면제4투	1222	1066	69	0	29	0	21	1130
청주시흥덕구	관내사전	1372	1316	64	2	14	1	11	0
청주시흥덕구	운천·신봉동제1투	367	594	32	1	14	0	11	735
청주시흥덕구	운천·신봉동제2투	696	782	33	1	11	0	24	959
청주시흥덕구	운천·신봉동제3투	643	823	51	1	25	1	19	948
청주시흥덕구	운천·신봉동제4투	281	367	16	2	8	0	11	513
청주시흥덕구	운천·신봉동제5투	717	805	48	1	15	2	20	914
청주시흥덕구	관내사전	4287	3520	201	3	48	2	54	0
청주시흥덕구	복대제1동제1투	636	582	59	0	14	0	24	1128
청주시흥덕구	복대제1동제2투	702	667	47	1	23	0	13	750
청주시흥덕구	복대제1동제3투	719	798	60	1	21	0	23	1217
청주시흥덕구	복대제1동제4투	241	415	15	0	18	0	12	583
청주시흥덕구	복대제1동제5투	219	329	15	0	11	0	7	736
청주시흥덕구	복대제1동제6투	666	684	44	2	23	0	26	1372
청주시흥덕구	복대제1동제7투	857	647	50	1	14	0	17	880
청주시흥덕구	복대제1동제8투	804	822	54	1	16	1	17	718
청주시흥덕구	복대제1동제9투	905	755	68	1	15	0	15	968
청주시흥덕구	복대제1동제10투	1011	1583	61	1	16	1	18	922
청주시흥덕구	복대제1동제11투	1167	1051	54	0	11	0	17	728
청주시흥덕구	복대제1동제12투	343	418	27	0	4	0	8	444
청주시흥덕구	관내사전	1516	1667	64	2	31	3	30	0
청주시흥덕구	복대제2동제1투	542	706	55	2	12	0	18	887
청주시흥덕구	복대제2동제2투	348	507	18	1	8	0	9	739
청주시흥덕구	복대제2동제3투	479	686	29	2	21	0	18	1019
청주시흥덕구	복대제2동제4투	433	672	32	1	15	0	19	997
청주시흥덕구	복대제2동제5투	406	486	25	2	14	0	12	849
청주시흥덕구	관내사전	4186	3677	213	3	61	1	43	0
청주시흥덕구	가경동제1투	245	428	17	0	9	0	17	654
청주시흥덕구	가경동제2투	555	791	38	1	14	2	12	713
청주시흥덕구	가경동제3투	579	768	42	0	18	0	16	981
청주시흥덕구	가경동제4투	808	856	58	1	20	1	23	934
청주시흥덕구	가경동제5투	702	871	49	0	22	0	9	1088
청주시흥덕구	가경동제6투	901	877	91	1	17	0	21	1015
청주시흥덕구	가경동제7투	675	768	41	1	14	0	17	914
청주시흥덕구	가경동제8투	1116	1070	66	3	16	1	28	1157
청주시흥덕구	가경동제9투	1360	1308	77	0	24	0	23	1414
청주시흥덕구	가경동제10투	958	1052	67	3	18	1	21	1216
청주시흥덕구	가경동제11투	1193	1119	92	0	15	0	24	901
청주시흥덕구	관내사전	1151	1097	55	1	18	1	14	0
청주시흥덕구	봉명제1동제1투	415	567	38	1	25	0	13	1239
청주시흥덕구	봉명제1동제2투	533	688	40	0	21	0	18	1148
청주시흥덕구	봉명제1동제3투	253	350	19	0	13	0	12	655
청주시흥덕구	관내사전	2242	2184	110	4	37	3	38	0
청주시흥덕구	봉명제2·송정동제1투	424	679	30	0	28	0	17	1080
청주시흥덕구	봉명제2·송정동제2투	400	562	37	0	17	0	18	905
청주시흥덕구	봉명제2·송정동제3투	631	736	38	0	18	0	14	1588
청주시흥덕구	봉명제2·송정동제4투	446	479	41	2	15	1	23	775
청주시흥덕구	봉명제2·송정동제5투	791	776	47	2	12	0	17	685
청주시흥덕구	봉명제2·송정동제6투	612	652	36	0	37	1	13	1684
청주시흥덕구	관내사전	3245	2855	174	3	40	0	33	0
청주시흥덕구	강서제1동제1투	992	1172	97	4	35	0	27	2223
청주시흥덕구	강서제1동제2투	137	310	5	0	6	0	3	265
청주시흥덕구	강서제1동제3투	227	372	10	0	7	0	5	347
청주시흥덕구	강서제1동제4투	975	908	68	0	32	1	18	1189
청주시흥덕구	강서제1동제5투	1045	1086	70	1	28	2	26	1354
청주시흥덕구	강서제1동제6투	1075	1163	79	2	29	1	23	1465
청주시흥덕구	관내사전	1595	1245	95	2	25	1	22	0
청주시흥덕구	강서제2동제1투	443	678	31	1	13	0	14	884
청주시흥덕구	강서제2동제2투	627	619	51	1	17	0	18	839
청주시흥덕구	강서제2동제3투	756	590	60	1	18	0	22	561
청주시흥덕구	관외사전	9874	9480	619	15	277	8	314	291
