안양시만안구	관내사전	1802	1432	83	3	23	1	29	0
안양시만안구	안양1동제1투	507	622	40	0	11	0	12	514
안양시만안구	안양1동제2투	969	1115	76	0	11	1	33	730
안양시만안구	안양1동제3투	478	460	24	0	7	0	19	839
안양시만안구	관내사전	2764	2061	80	0	23	0	25	-1
안양시만안구	안양2동제1투	767	722	37	1	17	1	20	1276
안양시만안구	안양2동제2투	561	482	30	1	11	0	16	942
안양시만안구	안양2동제3투	686	642	28	1	12	0	20	952
안양시만안구	안양2동제4투	526	515	42	1	13	0	10	418
안양시만안구	안양2동제5투	869	1089	64	0	26	0	16	1142
안양시만안구	관내사전	2596	1793	108	0	16	0	24	0
안양시만안구	안양3동제1투	555	513	26	1	12	0	20	960
안양시만안구	안양3동제2투	660	681	34	1	10	0	13	817
안양시만안구	안양3동제3투	758	791	42	1	23	0	21	1309
안양시만안구	안양3동제4투	652	757	43	0	6	0	17	556
안양시만안구	관내사전	1447	1208	57	2	9	0	17	0
안양시만안구	안양4동제1투	539	572	28	1	15	0	17	915
안양시만안구	안양4동제2투	458	571	26	0	11	1	13	551
안양시만안구	관내사전	1514	1313	44	1	15	2	11	0
안양시만안구	안양5동제1투	636	743	37	0	11	1	16	979
안양시만안구	안양5동제2투	214	240	9	0	4	0	2	359
안양시만안구	안양5동제3투	690	718	39	2	26	0	15	1015
안양시만안구	관내사전	2891	2117	93	1	18	0	16	4
안양시만안구	안양6동제1투	1320	1209	79	0	27	0	17	1784
안양시만안구	안양6동제2투	718	767	32	2	7	0	21	676
안양시만안구	안양6동제3투	1081	1145	76	1	23	1	24	1651
안양시만안구	안양6동제4투	661	683	38	2	15	1	22	994
안양시만안구	안양6동제5투	536	580	36	0	9	0	12	640
안양시만안구	관내사전	2266	1743	91	0	17	0	23	0
안양시만안구	안양7동제1투	1085	1230	53	0	10	2	24	900
안양시만안구	안양7동제2투	964	1035	39	1	9	0	12	883
안양시만안구	안양7동제3투	463	411	26	1	7	0	13	531
안양시만안구	관내사전	1758	1358	67	1	18	1	15	1
안양시만안구	안양8동제1투	499	612	27	0	10	1	10	891
안양시만안구	안양8동제2투	700	656	36	2	18	1	9	961
안양시만안구	안양8동제3투	429	438	20	1	8	0	15	646
안양시만안구	관내사전	2245	1767	78	2	15	1	24	0
안양시만안구	안양9동제1투	389	474	20	0	7	1	12	545
안양시만안구	안양9동제2투	646	743	39	1	14	1	15	774
안양시만안구	안양9동제3투	588	611	33	2	11	0	14	1005
안양시만안구	안양9동제4투	977	1079	48	1	10	0	14	1085
안양시만안구	관내사전	2694	2153	82	3	10	2	11	0
안양시만안구	석수1동제1투	785	894	66	0	15	0	12	945
안양시만안구	석수1동제2투	618	770	30	3	9	0	16	883
안양시만안구	석수1동제3투	814	839	45	0	7	1	13	426
안양시만안구	석수1동제4투	1152	1268	66	1	11	0	26	621
안양시만안구	관내사전	4151	2965	158	3	33	0	30	0
안양시만안구	석수2동제1투	407	355	29	0	9	0	6	506
안양시만안구	석수2동제2투	749	917	36	1	7	1	22	734
안양시만안구	석수2동제3투	446	512	28	0	9	1	19	664
안양시만안구	석수2동제4투	711	746	41	0	11	0	17	569
안양시만안구	석수2동제5투	547	533	33	0	16	0	13	693
안양시만안구	석수2동제6투	647	583	45	2	15	0	15	830
안양시만안구	석수2동제7투	1171	1075	64	0	14	1	19	761
안양시만안구	석수2동제8투	1133	952	60	1	13	0	14	637
안양시만안구	관내사전	2120	1465	58	1	19	0	14	0
안양시만안구	석수3동제1투	727	687	49	1	17	0	13	952
안양시만안구	석수3동제2투	681	670	39	0	6	0	13	714
안양시만안구	석수3동제3투	675	519	35	1	14	2	36	911
안양시만안구	관내사전	2522	1834	70	0	7	1	35	1
안양시만안구	박달1동제1투	664	615	32	0	11	0	19	1101
안양시만안구	박달1동제2투	432	383	17	3	9	0	17	743
안양시만안구	박달1동제3투	489	472	16	0	14	0	11	773
안양시만안구	박달1동제4투	789	701	45	0	16	0	10	729
안양시만안구	관내사전	3035	2157	108	2	42	1	25	0
안양시만안구	박달2동제1투	607	680	43	1	19	1	11	929
안양시만안구	박달2동제2투	671	627	37	1	5	0	16	431
안양시만안구	박달2동제3투	692	727	31	0	7	0	11	743
안양시만안구	박달2동제4투	860	731	42	1	7	1	22	879
안양시만안구	박달2동제5투	810	889	50	0	9	0	20	538
안양시만안구	관외사전	9987	7730	518	13	165	10	238	314
