용인시처인구	관내사전	3752	2454	108	3	49	4	38	0
용인시처인구	포곡읍제1투	735	667	21	1	21	0	17	1383
용인시처인구	포곡읍제2투	454	374	20	0	17	0	12	386
용인시처인구	포곡읍제3투	497	558	31	0	10	0	7	561
용인시처인구	포곡읍제4투	1094	962	66	1	43	2	26	1523
용인시처인구	포곡읍제5투	98	298	7	0	2	0	6	227
용인시처인구	포곡읍제6투	971	744	61	0	16	1	17	1153
용인시처인구	포곡읍제7투	1113	842	51	0	24	0	23	1484
용인시처인구	포곡읍제8투	1242	974	64	0	24	1	36	1094
용인시처인구	관내사전	2366	1869	62	2	14	0	19	0
용인시처인구	모현읍제1투	948	730	43	2	24	1	16	1262
용인시처인구	모현읍제2투	455	609	19	1	10	0	6	666
용인시처인구	모현읍제3투	1209	1110	47	2	18	0	16	1241
용인시처인구	모현읍제4투	682	781	41	1	12	0	20	1088
용인시처인구	모현읍제5투	693	646	29	0	14	0	19	945
용인시처인구	모현읍제6투	724	666	32	0	22	0	10	896
용인시처인구	관내사전	2459	1946	77	2	37	2	14	0
용인시처인구	이동읍제1투	689	728	24	0	28	0	20	1114
용인시처인구	이동읍제2투	106	238	3	0	2	0	9	207
용인시처인구	이동읍제3투	165	302	13	0	11	0	6	350
용인시처인구	이동읍제4투	1070	1060	47	0	38	0	17	1687
용인시처인구	이동읍제5투	1086	909	46	1	19	0	21	1820
용인시처인구	관내사전	1779	1465	41	2	17	1	8	0
용인시처인구	남사읍제1투	190	349	8	0	3	0	8	423
용인시처인구	남사읍제2투	105	236	4	0	5	0	3	203
용인시처인구	남사읍제3투	239	416	13	0	4	0	5	309
용인시처인구	남사읍제4투	202	343	8	0	9	0	12	346
용인시처인구	남사읍제5투	1267	1056	45	0	13	0	9	1222
용인시처인구	남사읍제6투	1054	920	39	0	6	0	15	996
용인시처인구	남사읍제7투	948	816	51	0	10	1	6	610
용인시처인구	관내사전	931	1208	39	2	7	0	10	1
용인시처인구	원삼면제1투	176	427	11	0	8	3	11	489
용인시처인구	원삼면제2투	225	420	8	0	9	0	5	350
용인시처인구	원삼면제3투	344	599	29	1	10	0	13	553
용인시처인구	원삼면제4투	120	272	10	1	3	0	3	256
용인시처인구	관내사전	1019	1195	48	1	24	1	17	0
용인시처인구	백암면제1투	210	443	13	1	7	0	10	586
용인시처인구	백암면제2투	111	301	7	1	2	0	4	225
용인시처인구	백암면제3투	177	354	12	0	4	0	5	398
용인시처인구	백암면제4투	175	358	18	1	3	0	10	560
용인시처인구	백암면제5투	249	308	8	1	4	0	8	509
용인시처인구	관내사전	2236	2067	77	3	31	0	31	0
용인시처인구	양지면제1투	681	925	36	0	26	0	14	1451
용인시처인구	양지면제2투	488	718	17	0	5	0	9	923
용인시처인구	양지면제3투	344	541	21	0	19	0	6	531
용인시처인구	양지면제4투	975	922	42	1	28	0	9	1889
용인시처인구	관내사전	2729	2407	124	3	26	0	30	0
용인시처인구	중앙동제1투	357	411	28	2	22	0	9	831
용인시처인구	중앙동제2투	314	413	19	0	13	0	10	476
용인시처인구	중앙동제3투	359	439	15	0	15	0	8	402
용인시처인구	중앙동제4투	463	469	27	0	9	1	4	740
용인시처인구	중앙동제5투	511	581	41	0	13	0	16	772
용인시처인구	중앙동제6투	998	1183	65	3	28	0	22	1937
용인시처인구	중앙동제7투	692	756	36	1	9	0	12	804
용인시처인구	관내사전	4027	3064	178	4	36	2	47	0
용인시처인구	역북동제1투	447	515	36	1	18	0	7	807
용인시처인구	역북동제2투	991	942	70	1	28	0	16	1516
용인시처인구	역북동제3투	873	930	46	1	25	0	18	1251
용인시처인구	역북동제4투	675	856	51	2	19	1	26	1199
용인시처인구	역북동제5투	948	814	50	0	14	0	23	815
용인시처인구	역북동제6투	993	883	58	0	9	1	10	912
용인시처인구	관내사전	1490	1179	63	0	16	0	8	0
용인시처인구	삼가동제1투	643	751	26	0	5	0	7	813
용인시처인구	삼가동제2투	726	853	32	0	10	1	10	769
용인시처인구	삼가동제3투	760	662	38	0	9	0	16	679
용인시처인구	관내사전	3114	1990	100	1	30	1	18	0
용인시처인구	유림동제1투	530	530	21	0	17	0	10	1063
용인시처인구	유림동제2투	1117	877	38	1	14	1	14	1126
용인시처인구	유림동제3투	943	975	49	0	35	0	19	1381
용인시처인구	유림동제4투	1182	958	53	3	42	2	28	1725
용인시처인구	유림동제5투	1224	945	65	0	26	1	25	1318
용인시처인구	유림동제6투	1182	900	61	1	15	0	18	1138
용인시처인구	유림동제7투	661	443	39	0	7	0	11	514
용인시처인구	관내사전	2097	1809	76	3	32	0	21	0
용인시처인구	동부동제1투	686	816	42	3	20	0	9	1163
용인시처인구	동부동제2투	944	943	62	1	26	0	16	1490
용인시처인구	동부동제3투	328	525	19	0	8	0	8	417
용인시처인구	관외사전	10331	9160	473	16	224	5	311	294
