성남시분당구	관내사전	2077	2138	72	1	10	2	6	1
성남시분당구	분당동제1투	571	963	49	1	4	0	10	639
성남시분당구	분당동제2투	594	924	40	1	6	0	5	465
성남시분당구	분당동제3투	486	1012	28	0	3	0	7	561
성남시분당구	분당동제4투	687	700	46	0	8	0	16	788
성남시분당구	분당동제5투	714	999	36	0	7	2	14	592
성남시분당구	분당동제6투	706	832	40	2	9	0	18	773
성남시분당구	관내사전	2153	2505	82	0	10	0	17	-1
성남시분당구	수내1동제1투	348	884	15	0	3	0	20	514
성남시분당구	수내1동제2투	373	852	19	0	5	0	12	355
성남시분당구	수내1동제3투	723	1063	47	0	2	0	18	976
성남시분당구	수내1동제4투	310	555	17	1	5	0	14	343
성남시분당구	수내1동제5투	428	933	32	3	1	0	18	424
성남시분당구	관내사전	1345	1600	61	0	3	1	12	0
성남시분당구	수내2동제1투	335	756	18	0	4	0	5	424
성남시분당구	수내2동제2투	451	1027	29	0	5	0	7	394
성남시분당구	수내2동제3투	256	535	17	0	0	0	4	264
성남시분당구	관내사전	1951	1667	70	0	6	1	10	0
성남시분당구	수내3동제1투	534	890	38	0	2	0	8	524
성남시분당구	수내3동제2투	493	1031	23	0	4	1	10	444
성남시분당구	수내3동제3투	632	684	45	0	16	1	17	936
성남시분당구	관내사전	1701	1807	81	1	9	0	24	0
성남시분당구	정자동제1투	400	808	36	0	3	0	10	454
성남시분당구	정자동제2투	609	1355	49	1	8	0	13	589
성남시분당구	정자동제3투	691	1000	44	1	7	0	16	609
성남시분당구	정자동제4투	487	539	27	1	8	0	18	639
성남시분당구	정자동제5투	462	619	28	3	6	0	17	533
성남시분당구	관내사전	2265	3475	81	3	8	0	29	0
성남시분당구	정자1동제1투	509	1229	25	0	2	0	6	511
성남시분당구	정자1동제2투	468	960	34	0	2	0	13	602
성남시분당구	정자1동제3투	754	1257	61	1	7	0	24	1487
성남시분당구	정자1동제4투	326	1144	25	0	9	0	7	486
성남시분당구	정자1동제5투	427	979	27	1	6	0	13	635
성남시분당구	정자1동제6투	372	1571	16	0	2	0	11	959
성남시분당구	정자1동제7투	331	1124	14	0	1	0	10	421
성남시분당구	관내사전	2603	2406	98	0	13	1	28	1
성남시분당구	정자2동제1투	267	386	17	1	3	0	6	382
성남시분당구	정자2동제2투	473	559	32	0	5	1	17	453
성남시분당구	정자2동제3투	501	373	16	3	12	0	7	633
성남시분당구	정자2동제4투	397	519	19	0	6	0	5	351
성남시분당구	정자2동제5투	469	643	32	0	4	0	9	295
성남시분당구	정자2동제6투	381	755	32	1	4	1	9	410
성남시분당구	관내사전	2059	2031	77	1	7	0	8	0
성남시분당구	정자3동제1투	958	1382	71	1	6	0	12	893
성남시분당구	정자3동제2투	659	677	40	0	8	0	15	615
성남시분당구	정자3동제3투	711	1234	55	4	3	0	22	672
성남시분당구	관내사전	3617	4143	131	0	14	1	32	0
성남시분당구	서현1동제1투	971	1240	67	1	18	0	26	1568
성남시분당구	서현1동제2투	661	1371	41	2	1	1	15	863
성남시분당구	서현1동제3투	824	1448	52	2	7	0	9	697
성남시분당구	서현1동제4투	470	993	35	0	6	0	10	446
성남시분당구	서현1동제5투	737	1532	41	0	7	2	14	666
성남시분당구	서현1동제6투	392	643	27	0	6	0	11	430
성남시분당구	관내사전	2508	2309	63	3	11	1	22	0
성남시분당구	서현2동제1투	758	1285	46	0	6	1	14	676
성남시분당구	서현2동제2투	747	1134	50	1	3	0	10	519
성남시분당구	서현2동제3투	825	936	38	1	8	0	25	653
성남시분당구	서현2동제4투	692	913	45	0	6	0	20	627
성남시분당구	관내사전	2353	2829	74	0	6	4	19	1
성남시분당구	이매1동제1투	612	1297	40	0	4	0	11	675
성남시분당구	이매1동제2투	683	1166	36	0	9	0	11	451
성남시분당구	이매1동제3투	467	964	38	0	4	0	3	376
성남시분당구	이매1동제4투	541	956	29	0	4	0	12	487
성남시분당구	이매1동제5투	551	891	26	0	2	0	13	357
성남시분당구	이매1동제6투	705	905	34	0	9	0	18	753
성남시분당구	관내사전	1501	1860	40	0	8	1	13	0
성남시분당구	이매2동제1투	470	923	27	0	3	0	9	472
성남시분당구	이매2동제2투	593	1098	36	0	5	0	11	571
성남시분당구	이매2동제3투	577	1369	28	0	5	0	15	522
성남시분당구	관내사전	2738	2515	80	3	12	3	22	0
성남시분당구	야탑1동제1투	438	676	28	0	7	0	15	752
성남시분당구	야탑1동제2투	708	1093	42	0	8	0	17	668
성남시분당구	야탑1동제3투	689	923	28	0	5	0	15	331
성남시분당구	야탑1동제4투	657	703	31	2	6	0	11	398
성남시분당구	야탑1동제5투	362	550	16	0	2	0	6	399
성남시분당구	관내사전	1849	2131	73	0	6	0	13	0
성남시분당구	야탑2동제1투	366	1032	22	0	3	0	7	544
성남시분당구	야탑2동제2투	714	1486	44	1	8	0	15	615
성남시분당구	야탑2동제3투	671	1003	40	1	5	0	12	497
성남시분당구	야탑2동제4투	450	733	25	0	6	0	14	371
성남시분당구	관내사전	2947	2255	93	3	17	1	22	5
성남시분당구	야탑3동제1투	815	867	43	0	5	0	36	1022
성남시분당구	야탑3동제2투	715	851	32	0	10	0	12	636
성남시분당구	야탑3동제3투	836	954	63	0	10	0	7	594
성남시분당구	야탑3동제4투	503	436	21	3	9	0	13	728
성남시분당구	야탑3동제5투	591	580	36	0	4	0	9	380
성남시분당구	야탑3동제6투	693	773	33	0	2	0	7	511
성남시분당구	야탑3동제7투	846	750	50	1	5	0	12	601
성남시분당구	관내사전	2507	2503	92	0	16	1	28	3
성남시분당구	금곡동제1투	604	897	44	2	6	0	15	597
성남시분당구	금곡동제2투	738	1112	47	0	5	0	12	443
성남시분당구	금곡동제3투	507	500	21	0	7	1	12	585
성남시분당구	금곡동제4투	583	1247	56	0	6	0	15	671
성남시분당구	금곡동제5투	386	602	32	0	1	0	21	335
성남시분당구	금곡동제6투	819	1335	38	0	10	0	18	965
성남시분당구	금곡동제7투	459	1046	26	0	5	0	9	668
성남시분당구	관내사전	2609	2876	106	0	9	1	15	0
성남시분당구	구미동제1투	539	713	32	0	8	0	10	424
성남시분당구	구미동제2투	759	881	44	1	6	0	13	499
성남시분당구	구미동제3투	433	593	21	0	4	0	8	248
성남시분당구	구미동제4투	295	940	19	0	3	0	9	769
성남시분당구	구미동제5투	668	1030	41	1	4	0	10	530
성남시분당구	구미동제6투	426	881	28	1	3	0	21	483
성남시분당구	구미동제7투	823	1190	49	2	10	0	23	933
성남시분당구	구미동제8투	814	777	32	0	10	0	11	693
성남시분당구	관내사전	3571	3273	136	1	7	1	40	0
성남시분당구	구미1동제1투	665	953	45	0	13	0	21	1137
성남시분당구	구미1동제2투	814	1201	57	1	11	0	18	705
성남시분당구	구미1동제3투	312	641	27	0	1	0	11	299
성남시분당구	구미1동제4투	499	742	21	0	2	0	9	342
성남시분당구	관내사전	2945	2850	114	1	4	0	14	1
성남시분당구	판교동제1투	650	903	36	1	7	1	9	631
성남시분당구	판교동제2투	836	1300	56	1	3	0	10	573
성남시분당구	판교동제3투	634	1253	52	0	4	0	5	720
성남시분당구	판교동제4투	841	1088	66	0	6	0	18	653
성남시분당구	판교동제5투	634	997	33	0	1	0	16	323
성남시분당구	관내사전	3026	2525	132	3	10	0	15	1
성남시분당구	삼평동제1투	843	1108	59	1	5	0	21	735
성남시분당구	삼평동제2투	612	893	37	4	3	0	11	587
성남시분당구	삼평동제3투	1028	757	39	2	19	1	15	822
성남시분당구	삼평동제4투	470	769	48	1	2	0	14	552
성남시분당구	삼평동제5투	689	1248	41	0	2	1	11	424
성남시분당구	관내사전	2984	2652	97	2	9	1	23	0
성남시분당구	백현동제1투	804	1412	54	0	3	0	25	655
성남시분당구	백현동제2투	798	1154	54	1	4	0	21	705
성남시분당구	백현동제3투	572	850	51	0	6	0	12	499
성남시분당구	백현동제4투	998	662	34	0	20	0	16	756
성남시분당구	백현동제5투	976	601	37	0	6	1	9	643
성남시분당구	백현동제6투	359	1005	28	0	6	0	9	345
성남시분당구	관내사전	2962	2872	107	0	6	2	11	0
성남시분당구	운중동제1투	352	677	23	0	2	0	5	476
성남시분당구	운중동제2투	505	846	38	1	6	0	18	462
성남시분당구	운중동제3투	755	1324	40	1	3	0	10	773
성남시분당구	운중동제4투	528	596	33	0	4	0	15	302
성남시분당구	운중동제5투	866	1436	46	1	7	0	13	644
성남시분당구	운중동제6투	771	984	37	0	4	0	19	415
성남시분당구	운중동제7투	570	835	31	0	5	0	14	323
성남시분당구	운중동제8투	627	703	31	0	1	0	7	388
성남시분당구	관외사전	17211	18963	832	20	158	8	609	1414
