포항시북구	관내사전	1819	5825	143	4	55	3	41	2
포항시북구	흥해읍제1투	148	599	11	0	8	0	3	534
포항시북구	흥해읍제2투	154	584	11	0	10	0	10	405
포항시북구	흥해읍제3투	105	619	7	0	3	0	13	273
포항시북구	흥해읍제4투	90	607	10	0	5	1	16	431
포항시북구	흥해읍제5투	127	419	18	0	10	0	7	371
포항시북구	흥해읍제6투	86	434	5	0	5	1	2	406
포항시북구	흥해읍제7투	153	699	12	0	9	2	12	415
포항시북구	흥해읍제8투	47	344	4	0	2	0	3	249
포항시북구	흥해읍제9투	367	1099	41	0	15	0	13	823
포항시북구	흥해읍제10투	277	838	24	0	16	1	11	588
포항시북구	흥해읍제11투	192	827	19	1	23	0	6	584
포항시북구	흥해읍제12투	440	1071	49	0	14	1	6	685
포항시북구	흥해읍제13투	592	1165	63	1	15	0	12	845
포항시북구	흥해읍제14투	739	1255	77	1	26	0	15	922
포항시북구	관내사전	232	1131	15	2	3	1	8	0
포항시북구	신광면제1투	46	266	7	0	2	0	3	249
포항시북구	신광면제2투	29	181	2	0	4	0	4	127
포항시북구	신광면제3투	40	273	2	0	3	0	1	147
포항시북구	관내사전	422	1762	32	7	11	4	31	0
포항시북구	청하면제1투	110	487	14	0	9	0	6	518
포항시북구	청하면제2투	57	421	8	1	2	0	5	289
포항시북구	청하면제3투	20	179	3	0	2	0	2	108
포항시북구	관내사전	182	1073	18	2	7	2	14	0
포항시북구	송라면투표소	79	457	2	0	2	1	5	408
포항시북구	관내사전	323	2003	28	2	14	1	18	0
포항시북구	기계면제1투	142	640	4	0	14	2	5	570
포항시북구	기계면제2투	53	228	0	0	2	0	2	194
포항시북구	기계면제3투	36	244	5	0	2	0	2	117
포항시북구	관내사전	126	1014	9	1	4	0	6	0
포항시북구	죽장면제1투	47	347	4	0	5	2	10	352
포항시북구	죽장면제2투	43	256	5	1	1	0	3	86
포항시북구	관내사전	117	655	11	1	2	0	9	0
포항시북구	기북면투표소	43	188	7	1	1	1	0	194
포항시북구	관내사전	998	3195	90	1	19	2	22	0
포항시북구	중앙동제1투	78	443	4	0	4	0	3	517
포항시북구	중앙동제2투	47	285	5	0	8	0	4	269
포항시북구	중앙동제3투	112	474	13	1	6	0	8	420
포항시북구	중앙동제4투	258	928	34	0	12	0	14	772
포항시북구	중앙동제5투	178	796	15	0	3	0	12	618
포항시북구	중앙동제6투	94	402	6	0	4	0	10	460
포항시북구	중앙동제7투	245	938	29	0	2	0	12	448
포항시북구	관내사전	1343	3519	106	0	26	0	13	0
포항시북구	양학동제1투	234	863	30	1	10	1	13	583
포항시북구	양학동제2투	329	863	31	0	17	0	8	810
포항시북구	양학동제3투	413	991	50	1	11	0	11	909
포항시북구	양학동제4투	322	980	25	1	14	0	3	522
포항시북구	관내사전	942	3957	63	3	24	2	21	0
포항시북구	죽도동제1투	150	884	14	1	13	0	7	623
포항시북구	죽도동제2투	287	1188	30	0	26	0	18	1518
포항시북구	죽도동제3투	255	1094	35	0	22	0	14	939
포항시북구	죽도동제4투	252	1008	18	0	23	0	8	711
포항시북구	죽도동제5투	363	1314	31	0	19	0	15	1110
포항시북구	관내사전	1196	3770	59	1	12	3	19	0
포항시북구	용흥동제1투	218	1094	21	0	8	1	5	507
포항시북구	용흥동제2투	182	637	25	0	16	0	12	604
포항시북구	용흥동제3투	195	710	8	0	7	0	10	544
포항시북구	용흥동제4투	269	898	15	0	9	0	5	422
포항시북구	용흥동제5투	366	1054	36	0	11	0	15	541
포항시북구	용흥동제6투	285	793	30	0	10	0	15	562
포항시북구	용흥동제7투	226	880	21	0	8	0	9	687
포항시북구	관내사전	2111	4935	157	6	29	4	21	0
포항시북구	우창동제1투	265	917	32	0	9	0	10	641
포항시북구	우창동제2투	213	860	28	0	19	0	11	545
포항시북구	우창동제3투	423	936	43	0	13	0	8	690
포항시북구	우창동제4투	203	692	25	0	14	0	5	475
포항시북구	우창동제5투	180	670	9	0	9	0	9	413
포항시북구	우창동제6투	189	805	15	0	9	0	16	548
포항시북구	우창동제7투	316	981	36	0	27	0	12	731
포항시북구	우창동제8투	490	1063	61	1	16	0	13	806
포항시북구	우창동제9투	598	1217	67	0	20	1	16	862
포항시북구	관내사전	1844	5615	118	3	42	0	32	0
포항시북구	두호동제1투	98	377	7	0	4	0	5	412
포항시북구	두호동제2투	165	653	18	0	11	0	7	600
포항시북구	두호동제3투	314	1127	42	0	10	0	13	546
포항시북구	두호동제4투	456	1412	50	0	28	0	13	563
포항시북구	두호동제5투	470	1560	53	0	20	0	22	874
포항시북구	두호동제6투	421	1180	43	0	8	0	11	625
포항시북구	관내사전	3835	7642	230	5	64	2	42	2
포항시북구	장량동제1투	236	719	18	0	8	0	4	525
포항시북구	장량동제2투	252	853	24	0	9	0	4	616
포항시북구	장량동제3투	327	775	32	1	10	0	9	415
포항시북구	장량동제4투	433	1200	40	0	25	0	11	705
포항시북구	장량동제5투	434	1094	35	0	18	2	15	1128
포항시북구	장량동제6투	507	1402	40	0	5	0	15	612
포항시북구	장량동제7투	485	1296	44	3	24	1	14	1603
포항시북구	장량동제8투	602	1155	53	0	20	0	26	799
포항시북구	장량동제9투	506	1137	56	0	15	0	16	1038
포항시북구	장량동제10투	630	1323	56	0	7	0	5	630
포항시북구	장량동제11투	558	1236	46	0	23	0	14	1150
포항시북구	장량동제12투	785	1594	62	0	8	0	20	936
포항시북구	장량동제13투	385	863	25	1	12	1	9	537
포항시북구	장량동제14투	522	1224	49	1	15	0	23	782
포항시북구	장량동제15투	465	1127	40	0	13	0	9	498
포항시북구	관내사전	949	2390	74	1	24	1	16	0
포항시북구	환여동제1투	63	263	6	0	11	0	3	185
포항시북구	환여동제2투	89	442	7	0	4	0	5	340
포항시북구	환여동제3투	510	1027	47	0	17	0	9	687
포항시북구	환여동제4투	158	377	12	0	8	0	7	246
포항시북구	관외사전	6246	14171	597	16	261	10	330	271
