용인시수지구	관내사전	5206	4481	203	4	27	2	62	1
용인시수지구	풍덕천1동제1투	701	868	41	0	18	0	28	1448
용인시수지구	풍덕천1동제2투	616	832	46	2	9	0	19	909
용인시수지구	풍덕천1동제3투	739	753	37	1	7	0	19	640
용인시수지구	풍덕천1동제4투	872	1016	58	1	10	0	14	679
용인시수지구	풍덕천1동제5투	769	803	48	1	6	0	24	763
용인시수지구	풍덕천1동제6투	690	1196	46	0	13	0	11	666
용인시수지구	풍덕천1동제7투	774	907	43	0	5	0	21	595
용인시수지구	풍덕천1동제8투	509	656	26	1	2	1	8	375
용인시수지구	관내사전	4469	3309	146	3	17	0	32	0
용인시수지구	풍덕천2동제1투	747	722	52	0	4	0	18	464
용인시수지구	풍덕천2동제2투	409	515	35	0	9	0	9	627
용인시수지구	풍덕천2동제3투	759	1032	55	1	6	0	18	571
용인시수지구	풍덕천2동제4투	584	649	43	0	7	0	15	781
용인시수지구	풍덕천2동제5투	802	901	68	0	5	0	14	656
용인시수지구	풍덕천2동제6투	881	897	45	0	2	0	12	485
용인시수지구	풍덕천2동제7투	654	664	34	2	2	0	10	501
용인시수지구	풍덕천2동제8투	843	1128	63	1	5	1	18	774
용인시수지구	풍덕천2동제9투	805	840	35	0	2	0	17	531
용인시수지구	관내사전	4247	3853	116	2	22	1	30	1
용인시수지구	신봉동제1투	504	552	26	0	4	0	6	404
용인시수지구	신봉동제2투	665	764	34	0	4	0	10	529
용인시수지구	신봉동제3투	1012	1364	47	0	9	1	27	816
용인시수지구	신봉동제4투	718	1257	44	0	8	0	14	724
용인시수지구	신봉동제5투	740	1342	38	0	11	0	11	923
용인시수지구	신봉동제6투	1029	1383	47	2	14	0	15	879
용인시수지구	신봉동제7투	1010	1612	54	1	8	1	15	1009
용인시수지구	관내사전	3558	3076	107	1	8	1	24	0
용인시수지구	죽전1동제1투	977	1396	53	1	11	0	17	1072
용인시수지구	죽전1동제2투	962	1121	47	0	5	0	15	785
용인시수지구	죽전1동제3투	907	1197	37	0	7	1	11	804
용인시수지구	죽전1동제4투	783	1106	41	2	12	0	19	731
용인시수지구	죽전1동제5투	1018	991	50	1	8	0	13	808
용인시수지구	관내사전	1678	1436	63	2	10	1	14	0
용인시수지구	죽전2동제1투	860	1057	54	1	1	0	15	870
용인시수지구	죽전2동제2투	633	865	47	0	4	0	17	724
용인시수지구	죽전2동제3투	708	993	38	0	5	0	5	572
용인시수지구	죽전2동제4투	782	886	43	0	4	0	12	564
용인시수지구	관내사전	2217	1803	85	2	11	1	21	0
용인시수지구	죽전3동제1투	684	785	40	1	12	0	25	993
용인시수지구	죽전3동제2투	697	933	51	0	8	0	14	739
용인시수지구	죽전3동제3투	1057	1128	51	2	2	0	11	845
용인시수지구	죽전3동제4투	942	1046	44	0	12	0	18	754
용인시수지구	죽전3동제5투	866	965	66	0	6	0	22	848
용인시수지구	관내사전	6271	5477	215	1	22	2	48	1
용인시수지구	동천동제1투	591	842	53	0	8	0	20	878
용인시수지구	동천동제2투	574	788	22	2	4	1	12	644
용인시수지구	동천동제3투	792	1043	39	0	9	3	13	616
용인시수지구	동천동제4투	825	864	65	1	6	0	20	729
용인시수지구	동천동제5투	665	839	37	0	4	0	8	570
용인시수지구	동천동제6투	615	836	35	0	5	0	11	593
용인시수지구	동천동제7투	863	1226	54	0	6	0	11	879
용인시수지구	동천동제8투	760	1417	44	1	6	0	13	725
용인시수지구	동천동제9투	523	741	35	0	4	0	6	500
용인시수지구	동천동제10투	648	719	34	0	4	0	11	444
용인시수지구	관내사전	2517	2376	74	1	14	1	14	0
용인시수지구	상현1동제1투	670	1104	38	1	4	0	13	669
용인시수지구	상현1동제2투	890	1016	56	2	6	0	12	647
용인시수지구	상현1동제3투	915	1002	47	0	9	0	20	576
용인시수지구	상현1동제4투	637	953	46	2	5	0	18	790
용인시수지구	관내사전	4529	4072	127	0	25	0	31	1
용인시수지구	상현2동제1투	719	1008	39	1	5	1	13	793
용인시수지구	상현2동제2투	669	1029	33	0	7	0	17	660
용인시수지구	상현2동제3투	597	805	38	1	5	2	12	786
용인시수지구	상현2동제4투	951	1163	47	1	12	0	9	815
용인시수지구	상현2동제5투	767	1070	41	0	15	0	13	662
용인시수지구	상현2동제6투	1108	1141	56	1	12	0	19	646
용인시수지구	관내사전	2731	2188	101	0	14	1	24	0
용인시수지구	상현3동제1투	541	741	34	1	3	0	9	555
용인시수지구	상현3동제2투	769	1403	34	0	4	0	14	693
용인시수지구	상현3동제3투	561	806	40	0	9	0	8	513
용인시수지구	상현3동제4투	765	894	51	2	7	0	33	886
용인시수지구	상현3동제5투	695	683	34	0	5	1	14	701
용인시수지구	상현3동제6투	796	816	58	1	9	0	13	518
용인시수지구	관내사전	4088	5720	117	1	11	0	18	0
용인시수지구	성복동제1투	602	1357	29	1	5	0	14	597
용인시수지구	성복동제2투	542	1694	39	1	8	0	13	655
용인시수지구	성복동제3투	377	1015	11	1	3	0	5	650
용인시수지구	성복동제4투	372	626	23	0	1	0	13	393
용인시수지구	성복동제5투	398	954	28	0	4	0	8	616
용인시수지구	성복동제6투	759	1553	49	0	8	1	13	923
용인시수지구	성복동제7투	744	1191	45	0	5	0	19	683
용인시수지구	성복동제8투	654	1194	29	0	11	0	10	1088
용인시수지구	성복동제9투	1299	1918	77	1	8	0	24	821
용인시수지구	성복동제10투	407	864	31	0	6	0	11	561
용인시수지구	성복동제11투	831	1234	45	0	2	0	11	497
용인시수지구	관외사전	16051	15533	737	22	149	8	491	947
