안산시단원구	관내사전	3995	2150	128	2	52	1	38	0
안산시단원구	와동제1투	726	476	31	1	27	0	20	1260
안산시단원구	와동제2투	1057	753	40	5	25	0	27	1381
안산시단원구	와동제3투	971	749	52	2	24	3	16	1159
안산시단원구	와동제4투	992	602	29	6	29	2	21	1514
안산시단원구	와동제5투	834	517	39	0	38	1	13	1702
안산시단원구	와동제6투	673	425	25	2	24	0	12	1163
안산시단원구	와동제7투	1015	688	42	1	28	0	20	1638
안산시단원구	와동제8투	935	515	34	1	30	0	9	1414
안산시단원구	관내사전	3305	2141	122	7	35	6	26	0
안산시단원구	고잔동제1투	623	522	39	0	15	0	15	990
안산시단원구	고잔동제2투	383	411	26	1	8	0	11	660
안산시단원구	고잔동제3투	1142	1031	80	2	26	0	17	1394
안산시단원구	고잔동제4투	765	560	49	2	14	0	25	1070
안산시단원구	고잔동제5투	837	665	42	0	29	0	7	1184
안산시단원구	관내사전	3187	2371	125	3	24	1	28	2
안산시단원구	중앙동제1투	784	777	46	2	19	1	18	980
안산시단원구	중앙동제2투	1002	948	56	1	13	0	26	1536
안산시단원구	중앙동제3투	881	991	44	2	6	0	31	1157
안산시단원구	중앙동제4투	930	787	45	2	30	0	21	1005
안산시단원구	중앙동제5투	547	501	38	0	15	0	10	709
안산시단원구	관내사전	4410	2937	155	1	26	0	32	0
안산시단원구	호수동제1투	742	633	33	1	10	0	17	752
안산시단원구	호수동제2투	670	720	24	0	5	0	8	400
안산시단원구	호수동제3투	694	617	33	0	15	2	12	1065
안산시단원구	호수동제4투	791	948	42	1	14	0	14	740
안산시단원구	호수동제5투	1261	975	61	2	11	0	28	718
안산시단원구	호수동제6투	1197	1076	74	1	10	2	14	742
안산시단원구	호수동제7투	924	841	47	2	17	0	30	756
안산시단원구	호수동제8투	1093	985	70	2	6	0	27	632
안산시단원구	호수동제9투	616	736	41	0	6	1	17	499
안산시단원구	호수동제10투	1162	1128	61	3	11	0	24	508
안산시단원구	관내사전	830	453	15	0	10	0	6	0
안산시단원구	원곡동제1투	145	159	8	0	2	0	2	724
안산시단원구	원곡동제2투	177	207	7	0	5	0	2	470
안산시단원구	원곡동제3투	534	371	6	0	11	1	9	1021
안산시단원구	관내사전	3290	2387	123	5	29	0	35	0
안산시단원구	백운동제1투	783	621	35	0	17	0	22	665
안산시단원구	백운동제2투	827	756	47	2	12	0	15	695
안산시단원구	백운동제3투	680	640	35	1	16	1	18	844
안산시단원구	백운동제4투	381	376	29	0	6	0	7	385
안산시단원구	백운동제5투	655	618	33	0	17	0	9	1062
안산시단원구	백운동제6투	470	434	26	1	6	0	9	604
안산시단원구	관내사전	2588	1521	72	2	20	3	24	0
안산시단원구	신길동제1투	760	675	35	0	16	0	15	738
안산시단원구	신길동제2투	810	703	47	1	11	0	11	600
안산시단원구	신길동제3투	517	402	20	0	9	0	12	1004
안산시단원구	신길동제4투	688	495	29	1	11	0	9	777
안산시단원구	신길동제5투	738	611	28	0	20	1	19	1081
안산시단원구	신길동제6투	879	580	42	1	16	0	11	704
안산시단원구	관내사전	4485	2740	148	2	27	1	25	0
안산시단원구	초지동제1투	731	716	44	1	7	0	21	533
안산시단원구	초지동제2투	778	729	37	0	8	1	16	436
안산시단원구	초지동제3투	838	870	40	3	7	0	24	607
안산시단원구	초지동제4투	727	637	44	1	10	0	11	436
안산시단원구	초지동제5투	758	551	34	1	13	1	11	691
안산시단원구	초지동제6투	759	659	38	1	11	0	27	535
안산시단원구	초지동제7투	890	701	56	0	8	0	21	1672
안산시단원구	초지동제8투	756	609	28	0	9	1	17	785
안산시단원구	초지동제9투	858	681	40	3	18	0	17	933
안산시단원구	초지동제10투	1005	749	59	2	27	0	15	955
안산시단원구	초지동제11투	968	657	59	1	12	0	18	751
안산시단원구	초지동제12투	580	498	32	2	19	0	15	894
안산시단원구	관내사전	2624	1836	97	3	22	2	21	0
안산시단원구	선부1동제1투	274	219	11	2	3	0	8	428
안산시단원구	선부1동제2투	498	448	33	2	10	0	16	498
안산시단원구	선부1동제3투	595	434	26	1	16	0	12	661
안산시단원구	선부1동제4투	582	513	33	0	19	0	12	808
안산시단원구	선부1동제5투	465	419	14	1	12	0	7	485
안산시단원구	선부1동제6투	1076	1062	48	2	18	1	21	806
안산시단원구	관내사전	2095	1215	72	1	19	0	15	0
안산시단원구	선부2동제1투	459	385	26	0	17	1	9	829
안산시단원구	선부2동제2투	604	470	25	1	20	2	17	796
안산시단원구	선부2동제3투	736	523	22	1	16	0	21	1187
안산시단원구	선부2동제4투	825	565	28	1	26	0	18	1264
안산시단원구	선부2동제5투	293	243	18	0	6	1	11	430
안산시단원구	관내사전	3154	1853	96	2	30	2	23	1
안산시단원구	선부3동제1투	669	363	32	0	20	1	11	1255
안산시단원구	선부3동제2투	719	503	29	0	20	1	12	1125
안산시단원구	선부3동제3투	663	418	29	0	22	1	17	1310
안산시단원구	선부3동제4투	1211	1098	74	1	18	1	27	1003
안산시단원구	선부3동제5투	927	665	51	0	16	0	14	927
안산시단원구	선부3동제6투	1265	1100	59	4	19	1	21	999
안산시단원구	선부3동제7투	705	528	34	1	11	0	18	524
안산시단원구	선부3동제8투	1110	879	48	1	17	1	19	789
안산시단원구	관내사전	1019	1397	31	2	16	0	10	0
안산시단원구	대부동제1투	302	580	11	0	11	1	12	736
안산시단원구	대부동제2투	324	632	11	0	9	3	6	658
안산시단원구	대부동제3투	293	531	9	0	12	0	5	592
안산시단원구	관외사전	11079	8744	527	22	238	6	283	268
