수원시영통구	관내사전	2041	1996	104	2	14	0	23	-1
수원시영통구	매탄1동제1투	332	410	25	1	7	0	12	476
수원시영통구	매탄1동제2투	536	779	39	0	9	0	15	511
수원시영통구	매탄1동제3투	589	617	33	0	2	0	9	420
수원시영통구	매탄1동제4투	666	690	43	1	6	1	11	564
수원시영통구	매탄1동제5투	351	403	21	0	7	0	5	546
수원시영통구	매탄1동제6투	315	411	19	0	13	0	19	648
수원시영통구	관내사전	1926	1596	78	2	16	1	17	0
수원시영통구	매탄2동제1투	563	617	35	3	20	0	12	953
수원시영통구	매탄2동제2투	550	642	35	0	15	0	20	933
수원시영통구	매탄2동제3투	676	781	40	0	6	0	15	642
수원시영통구	매탄2동제4투	480	500	34	0	5	0	7	429
수원시영통구	관내사전	3982	3032	178	5	28	2	41	1
수원시영통구	매탄3동제1투	1297	1168	79	1	6	2	21	817
수원시영통구	매탄3동제2투	889	894	48	0	9	0	21	1032
수원시영통구	매탄3동제3투	857	834	48	3	18	1	27	902
수원시영통구	매탄3동제4투	762	817	68	2	8	0	25	884
수원시영통구	매탄3동제5투	769	790	46	3	21	1	29	943
수원시영통구	매탄3동제6투	729	906	52	3	7	2	20	733
수원시영통구	매탄3동제7투	506	598	31	3	17	0	21	972
수원시영통구	관내사전	2504	2011	112	3	20	0	23	0
수원시영통구	매탄4동제1투	589	622	35	2	19	0	21	1016
수원시영통구	매탄4동제2투	709	711	43	0	14	0	11	785
수원시영통구	매탄4동제3투	586	604	45	1	19	0	16	925
수원시영통구	매탄4동제4투	825	774	52	1	9	0	18	832
수원시영통구	매탄4동제5투	729	816	40	1	11	2	17	838
수원시영통구	관내사전	3592	3253	166	5	28	3	41	0
수원시영통구	원천동제1투	1125	995	67	1	10	0	19	916
수원시영통구	원천동제2투	674	978	42	1	11	0	25	1131
수원시영통구	원천동제3투	938	1019	61	1	31	2	29	1765
수원시영통구	원천동제4투	462	541	30	0	2	0	16	658
수원시영통구	원천동제5투	496	715	39	0	8	0	8	507
수원시영통구	원천동제6투	860	1408	41	0	7	0	10	735
수원시영통구	원천동제7투	944	1815	65	1	10	1	19	923
수원시영통구	관내사전	4649	4476	196	6	23	0	41	0
수원시영통구	광교1동제1투	831	1100	81	0	5	0	34	964
수원시영통구	광교1동제2투	918	1079	77	1	4	0	17	559
수원시영통구	광교1동제3투	787	1064	63	0	8	2	19	790
수원시영통구	광교1동제4투	846	1109	76	1	6	1	11	454
수원시영통구	광교1동제5투	1099	1508	81	0	6	0	15	676
수원시영통구	광교1동제6투	1109	1315	77	0	11	0	29	1192
수원시영통구	광교1동제7투	509	689	36	1	3	0	10	317
수원시영통구	광교1동제8투	867	966	64	0	10	0	29	686
수원시영통구	광교1동제9투	1033	1277	73	1	3	0	20	607
수원시영통구	광교1동제10투	963	1212	55	1	2	0	12	587
수원시영통구	관내사전	2401	2211	94	1	11	1	22	0
수원시영통구	광교2동제1투	797	997	38	1	11	0	12	618
수원시영통구	광교2동제2투	962	823	50	0	12	1	16	788
수원시영통구	광교2동제3투	985	1186	72	3	13	0	23	896
수원시영통구	광교2동제4투	1067	962	50	0	11	0	6	547
수원시영통구	광교2동제5투	795	673	46	1	7	1	13	540
수원시영통구	광교2동제6투	637	1224	54	0	6	0	9	532
수원시영통구	관내사전	3991	2923	167	3	25	2	33	1
수원시영통구	영통1동제1투	846	691	46	0	12	1	24	879
수원시영통구	영통1동제2투	1044	1039	79	2	19	2	33	1022
수원시영통구	영통1동제3투	850	959	57	1	9	0	11	680
수원시영통구	영통1동제4투	1165	1011	58	0	7	0	14	619
수원시영통구	영통1동제5투	1091	1280	65	1	16	0	23	840
수원시영통구	영통1동제6투	851	852	56	0	5	0	19	708
수원시영통구	관내사전	3344	2575	156	0	21	1	41	1
수원시영통구	영통2동제1투	872	873	53	2	11	1	22	787
수원시영통구	영통2동제2투	1351	1258	70	0	8	0	30	865
수원시영통구	영통2동제3투	953	947	48	1	10	0	23	888
수원시영통구	영통2동제4투	442	665	31	0	12	0	47	949
수원시영통구	영통2동제5투	1336	1422	67	1	9	0	30	926
수원시영통구	관내사전	3101	2578	156	4	10	1	47	10
수원시영통구	영통3동제1투	738	1109	61	1	24	0	52	1422
수원시영통구	영통3동제2투	958	1414	64	0	7	1	19	817
수원시영통구	영통3동제3투	686	663	47	0	8	0	19	396
수원시영통구	영통3동제4투	1027	908	48	0	10	0	23	486
수원시영통구	영통3동제5투	1076	939	51	2	11	0	16	553
수원시영통구	영통3동제6투	770	664	44	2	11	1	17	567
수원시영통구	영통3동제7투	1008	851	63	2	11	0	18	719
수원시영통구	관내사전	2763	2136	113	0	22	0	23	0
수원시영통구	망포1동제1투	878	1090	66	2	6	0	12	687
수원시영통구	망포1동제2투	650	648	29	1	6	0	13	559
수원시영통구	망포1동제3투	604	620	31	0	10	1	19	907
수원시영통구	망포1동제4투	715	914	50	1	10	1	14	792
수원시영통구	망포1동제5투	703	739	45	2	4	0	9	733
수원시영통구	망포1동제6투	1198	1078	83	1	10	0	26	695
수원시영통구	관내사전	4038	2941	161	3	17	0	25	-1
수원시영통구	망포2동제1투	649	736	49	2	11	1	15	624
수원시영통구	망포2동제2투	625	773	38	0	9	0	19	553
수원시영통구	망포2동제3투	1196	1121	68	1	6	0	15	602
수원시영통구	망포2동제4투	1430	1436	73	1	10	0	20	999
수원시영통구	망포2동제5투	689	626	41	1	10	0	13	623
수원시영통구	관외사전	15676	15159	874	31	244	8	498	577
