고양시덕양구	관내사전	2095	697	200	27	4	27	0
고양시덕양구	주교동제1투	353	489	42	16	3	4	630
고양시덕양구	주교동제2투	368	412	62	4	0	7	656
고양시덕양구	주교동제3투	498	644	97	12	0	8	836
고양시덕양구	주교동제4투	337	340	61	6	2	7	422
고양시덕양구	관내사전	1594	472	127	19	1	5	0
고양시덕양구	원신동제1투	1125	831	177	28	0	6	627
고양시덕양구	원신동제2투	119	263	34	1	0	1	311
고양시덕양구	원신동제3투	1053	981	91	21	2	9	825
고양시덕양구	원신동제4투	1218	1010	198	27	2	12	928
고양시덕양구	원신동제5투	973	852	147	26	0	7	744
고양시덕양구	관내사전	2177	676	142	23	1	15	0
고양시덕양구	흥도동제1투	144	309	22	6	0	8	406
고양시덕양구	흥도동제2투	828	862	176	19	3	9	985
고양시덕양구	흥도동제3투	988	720	125	26	1	7	543
고양시덕양구	흥도동제4투	1186	816	181	48	4	11	702
고양시덕양구	흥도동제5투	1053	763	182	37	0	15	837
고양시덕양구	흥도동제6투	780	557	118	14	0	8	318
고양시덕양구	흥도동제7투	1141	906	140	29	3	19	667
고양시덕양구	관내사전	3500	1229	369	44	5	22	1
고양시덕양구	성사1동제1투	694	773	193	14	1	10	817
고양시덕양구	성사1동제2투	786	927	102	12	3	12	1295
고양시덕양구	성사1동제3투	735	785	119	17	0	16	1309
고양시덕양구	성사1동제4투	1003	1051	151	30	1	16	621
고양시덕양구	성사1동제5투	877	873	159	14	1	9	611
고양시덕양구	관내사전	1811	594	151	34	1	8	0
고양시덕양구	성사2동제1투	513	626	102	13	0	10	580
고양시덕양구	성사2동제2투	524	750	98	18	2	3	558
고양시덕양구	성사2동제3투	661	745	109	10	0	13	560
고양시덕양구	관내사전	3807	897	504	81	1	28	0
고양시덕양구	효자동제1투	173	411	39	3	0	3	285
고양시덕양구	효자동제2투	822	882	238	21	5	21	848
고양시덕양구	효자동제3투	816	777	159	27	1	13	422
고양시덕양구	효자동제4투	1215	849	280	44	1	16	653
고양시덕양구	효자동제5투	508	681	94	14	2	10	501
고양시덕양구	효자동제6투	748	503	180	18	0	14	393
고양시덕양구	관내사전	4445	1438	601	90	4	43	0
고양시덕양구	삼송1동제1투	467	831	109	13	1	11	847
고양시덕양구	삼송1동제2투	1224	946	214	39	0	15	848
고양시덕양구	삼송1동제3투	530	667	113	21	1	14	435
고양시덕양구	삼송1동제4투	682	626	125	12	0	6	265
고양시덕양구	삼송1동제5투	791	970	283	42	5	27	991
고양시덕양구	관내사전	4035	1184	491	71	4	38	0
고양시덕양구	삼송2동제1투	753	863	116	20	2	14	704
고양시덕양구	삼송2동제2투	987	1060	157	24	1	13	1093
고양시덕양구	삼송2동제3투	559	660	128	13	0	9	600
고양시덕양구	삼송2동제4투	1041	1225	182	25	2	14	917
고양시덕양구	삼송2동제5투	688	738	180	14	4	13	594
고양시덕양구	삼송2동제6투	738	698	240	31	1	21	644
고양시덕양구	관내사전	2869	858	327	40	3	30	0
고양시덕양구	창릉동제1투	338	481	54	5	0	6	688
고양시덕양구	창릉동제2투	265	507	63	10	1	6	423
고양시덕양구	창릉동제3투	503	506	116	13	2	10	575
고양시덕양구	창릉동제4투	843	833	148	21	1	9	403
고양시덕양구	창릉동제5투	672	712	192	24	0	11	583
고양시덕양구	창릉동제6투	1083	968	310	36	1	19	775
고양시덕양구	관내사전	4219	1594	341	50	8	47	0
고양시덕양구	고양동제1투	449	590	61	9	1	2	732
고양시덕양구	고양동제2투	474	591	79	13	3	5	916
고양시덕양구	고양동제3투	567	730	90	14	2	11	853
고양시덕양구	고양동제4투	696	915	95	16	4	11	1285
고양시덕양구	고양동제5투	288	466	36	4	2	3	469
고양시덕양구	고양동제6투	818	811	111	15	1	9	898
고양시덕양구	고양동제7투	744	718	102	13	3	9	711
고양시덕양구	관내사전	3556	1234	235	43	6	24	0
고양시덕양구	관산동제1투	546	662	58	10	2	11	782
고양시덕양구	관산동제2투	298	459	43	9	0	6	562
고양시덕양구	관산동제3투	936	1037	136	14	4	14	1070
고양시덕양구	관산동제4투	627	753	76	5	0	4	826
고양시덕양구	관산동제5투	1071	1013	133	21	3	13	1444
고양시덕양구	관산동제6투	1156	1020	122	17	2	15	1722
고양시덕양구	관산동제7투	796	758	91	15	1	12	918
고양시덕양구	관산동제8투	701	718	89	9	2	13	903
고양시덕양구	관내사전	2701	1025	274	38	3	29	0
고양시덕양구	능곡동제1투	608	828	103	7	2	9	732
고양시덕양구	능곡동제2투	344	575	93	9	0	7	534
고양시덕양구	능곡동제3투	393	609	98	6	1	11	502
고양시덕양구	능곡동제4투	341	598	83	20	1	5	491
고양시덕양구	능곡동제5투	695	852	164	20	0	18	761
고양시덕양구	관내사전	6441	2261	752	95	3	77	0
고양시덕양구	화정1동제1투	822	811	151	15	2	7	529
고양시덕양구	화정1동제2투	707	829	141	9	0	15	623
고양시덕양구	화정1동제3투	741	787	128	21	0	14	714
고양시덕양구	화정1동제4투	593	742	124	12	0	9	559
고양시덕양구	화정1동제5투	657	1149	159	24	2	10	724
고양시덕양구	화정1동제6투	499	719	146	16	1	10	938
고양시덕양구	화정1동제7투	349	533	98	9	1	9	932
고양시덕양구	화정1동제8투	592	992	133	15	0	9	585
고양시덕양구	화정1동제9투	516	649	132	17	2	12	807
고양시덕양구	관내사전	4373	1362	458	62	3	31	0
고양시덕양구	화정2동제1투	652	782	145	19	1	13	929
고양시덕양구	화정2동제2투	733	789	135	29	1	7	707
고양시덕양구	화정2동제3투	910	855	196	18	2	7	601
고양시덕양구	화정2동제4투	959	1018	201	32	0	17	812
고양시덕양구	화정2동제5투	899	778	146	18	1	6	560
고양시덕양구	화정2동제6투	652	718	122	21	1	7	389
고양시덕양구	화정2동제7투	780	750	163	27	2	8	610
고양시덕양구	관내사전	1516	623	130	15	2	14	0
고양시덕양구	행주동제1투	127	162	22	0	0	0	351
고양시덕양구	행주동제2투	197	229	31	6	2	8	406
고양시덕양구	행주동제3투	557	627	95	18	3	13	919
고양시덕양구	행주동제4투	250	325	50	4	1	3	375
고양시덕양구	행주동제5투	149	361	27	5	0	2	268
고양시덕양구	행주동제6투	509	756	107	12	1	8	734
고양시덕양구	관내사전	3107	933	337	40	1	30	0
고양시덕양구	행신1동제1투	552	670	107	26	2	11	736
고양시덕양구	행신1동제2투	778	818	132	25	0	9	525
고양시덕양구	행신1동제3투	627	685	108	13	0	14	576
고양시덕양구	행신1동제4투	826	853	167	27	2	11	632
고양시덕양구	행신1동제5투	713	892	157	28	2	10	563
고양시덕양구	관내사전	4834	1560	604	69	6	42	0
고양시덕양구	행신2동제1투	687	882	163	24	1	14	855
고양시덕양구	행신2동제2투	533	705	109	20	1	8	479
고양시덕양구	행신2동제3투	817	1026	190	28	5	20	708
고양시덕양구	행신2동제4투	860	759	193	30	1	15	592
고양시덕양구	행신2동제5투	744	756	157	26	0	12	616
고양시덕양구	행신2동제6투	733	647	151	25	1	15	518
고양시덕양구	행신2동제7투	667	709	129	22	4	12	553
고양시덕양구	행신2동제8투	73	139	11	6	0	1	93
고양시덕양구	관내사전	3641	1163	365	49	2	31	1
고양시덕양구	행신3동제1투	762	817	128	27	2	22	898
고양시덕양구	행신3동제2투	855	859	192	25	0	17	665
고양시덕양구	행신3동제3투	836	1006	183	23	1	14	636
고양시덕양구	행신3동제4투	863	854	167	15	1	13	571
고양시덕양구	행신3동제5투	550	733	104	12	2	7	350
고양시덕양구	관내사전	3510	1232	336	46	4	30	0
고양시덕양구	행신4동제1투	556	669	103	10	3	14	1058
고양시덕양구	행신4동제2투	394	436	73	7	0	10	781
고양시덕양구	행신4동제3투	535	609	97	21	1	8	726
고양시덕양구	행신4동제4투	659	600	121	15	0	8	401
고양시덕양구	행신4동제5투	911	840	160	25	1	10	639
고양시덕양구	관내사전	2112	646	294	25	2	21	0
고양시덕양구	화전동제1투	411	571	115	9	2	9	830
고양시덕양구	화전동제2투	217	232	23	4	0	8	219
고양시덕양구	화전동제3투	1064	958	237	26	0	13	693
고양시덕양구	화전동제4투	1137	842	204	32	0	9	485
고양시덕양구	화전동제5투	951	526	144	22	1	3	361
고양시덕양구	화전동제6투	1139	722	148	34	3	11	712
고양시덕양구	화전동제7투	1019	705	132	25	3	11	555
고양시덕양구	관내사전	1722	517	205	19	3	16	1
고양시덕양구	대덕동제1투	204	465	55	2	0	3	455
고양시덕양구	대덕동제2투	1211	1104	268	37	1	22	795
고양시덕양구	대덕동제3투	1312	1216	300	41	4	15	864
고양시덕양구	관외사전	2025	681	339	48	2	31	580
