안산시상록구	일동제1투	897	739	109	13	2	13	1474
안산시상록구	일동제2투	881	821	151	16	2	17	1167
안산시상록구	일동제3투	1402	1088	196	22	8	13	1552
안산시상록구	일동제4투	940	766	130	18	1	18	1146
안산시상록구	이동제1투	618	541	98	16	2	10	816
안산시상록구	이동제2투	618	554	112	15	2	13	1063
안산시상록구	이동제4투	481	454	123	13	0	7	996
안산시상록구	이동제5투	973	979	189	23	3	14	1518
안산시상록구	이동제6투	648	723	118	13	1	9	462
안산시상록구	사동제1투	826	629	147	20	1	13	1479
안산시상록구	사동제2투	808	866	175	20	2	9	1191
안산시상록구	사동제3투	490	532	121	7	3	10	952
안산시상록구	사동제4투	893	712	123	19	2	30	693
안산시상록구	사동제5투	865	610	163	17	4	7	408
안산시상록구	사동제6투	767	675	138	9	0	9	1128
안산시상록구	사동제7투	686	526	114	21	1	13	703
안산시상록구	사동제8투	465	509	106	10	2	5	541
안산시상록구	사이동제2투	695	877	151	13	0	10	691
안산시상록구	사이동제4투	885	648	155	16	0	14	971
안산시상록구	사이동제5투	892	552	133	19	3	16	898
안산시상록구	사이동제6투	1004	838	165	17	0	15	1153
안산시상록구	해양동제3투	814	1069	160	14	1	10	800
안산시상록구	본오1동제5투	995	793	135	18	3	21	1305
안산시상록구	본오1동제7투	777	587	125	15	2	10	1046
안산시상록구	관내사전	2348	631	166	16	4	26	0
안산시상록구	본오2동제4투	780	653	127	20	1	13	519
안산시상록구	본오2동제5투	1209	1113	190	27	5	11	846
안산시상록구	본오3동제1투	485	548	78	15	1	17	814
안산시상록구	본오3동제5투	500	522	90	14	3	7	308
안산시상록구	관내사전	2686	1015	221	27	4	24	0
안산시상록구	관내사전	1371	562	92	5	1	7	0
