용인시수지구	풍덕천1동제6투	650	1324	153	21	2	9	596
용인시수지구	풍덕천1동제7투	741	915	176	18	0	13	500
용인시수지구	풍덕천1동제8투	572	662	142	19	1	12	338
용인시수지구	풍덕천2동제2투	499	796	200	18	1	17	738
용인시수지구	풍덕천2동제3투	837	987	215	21	0	9	503
용인시수지구	풍덕천2동제4투	564	681	227	14	1	15	665
용인시수지구	풍덕천2동제5투	715	902	264	14	3	14	501
용인시수지구	풍덕천2동제9투	953	750	195	19	0	9	453
용인시수지구	신봉동제1투	460	574	141	15	2	8	356
용인시수지구	죽전1동제1투	793	1552	190	38	0	13	912
용인시수지구	죽전1동제3투	799	1175	186	35	1	10	718
용인시수지구	죽전1동제4투	820	1279	181	15	1	13	820
용인시수지구	죽전1동제5투	848	1006	186	19	3	8	757
용인시수지구	죽전2동제3투	686	966	183	15	1	5	522
용인시수지구	죽전3동제1투	594	918	186	17	2	18	846
용인시수지구	죽전3동제3투	946	1096	169	21	0	7	715
용인시수지구	죽전3동제4투	874	1130	186	10	0	10	688
용인시수지구	동천동제4투	791	874	212	27	4	15	694
용인시수지구	동천동제6투	602	1055	136	18	0	10	585
용인시수지구	동천동제10투	737	741	127	17	3	10	422
용인시수지구	상현2동제1투	694	1107	175	15	0	9	784
용인시수지구	상현3동제2투	763	1403	190	20	2	7	666
용인시수지구	상현3동제3투	542	859	128	19	1	6	418
