세종특별자치시	조치원읍제3투	445	668	81	8	1	12	784
세종특별자치시	장군면제1투	293	513	71	6	0	9	740
세종특별자치시	종촌동제1투	850	658	162	19	2	9	691
세종특별자치시	종촌동제3투	977	748	164	20	3	15	480
세종특별자치시	종촌동제5투	709	718	152	19	1	7	675
세종특별자치시	소담동제2투	857	737	187	20	0	7	594
세종특별자치시	다정동제2투	822	814	210	32	2	15	854
세종특별자치시	다정동제3투	1132	1042	232	28	2	10	777
세종특별자치시	다정동제4투	756	927	183	22	1	14	740
세종특별자치시	반곡동제1투	1133	933	256	39	1	24	823
세종특별자치시	반곡동제2투	830	828	254	31	1	24	996
세종특별자치시	어진동제2투	845	785	260	37	1	17	766
세종특별자치시	나성동제1투	831	779	226	24	1	14	717
세종특별자치시	나성동제2투	783	711	193	32	3	6	830
세종특별자치시	관외사전	174	147	81	5	1	15	20
