용인시처인구	관내사전	4728	1513	531	43	10	39	0
용인시처인구	포곡읍제1투	557	720	92	17	2	10	1057
용인시처인구	포곡읍제2투	400	449	56	5	3	5	350
용인시처인구	포곡읍제3투	413	616	79	10	1	9	546
용인시처인구	포곡읍제4투	1019	1020	184	17	3	22	1335
용인시처인구	포곡읍제5투	83	297	12	1	0	0	183
용인시처인구	포곡읍제6투	834	776	153	18	3	13	996
용인시처인구	포곡읍제7투	962	849	113	17	2	10	1307
용인시처인구	관내사전	3298	1214	323	29	2	23	0
용인시처인구	모현읍제1투	857	833	145	11	2	10	1049
용인시처인구	모현읍제2투	319	636	46	6	0	6	581
용인시처인구	모현읍제3투	935	976	119	21	2	7	988
용인시처인구	모현읍제4투	561	850	89	13	1	10	951
용인시처인구	모현읍제5투	567	700	122	6	1	6	886
용인시처인구	모현읍제6투	752	836	96	16	1	12	970
용인시처인구	관내사전	2472	945	228	31	1	17	0
용인시처인구	이동읍제1투	639	882	88	15	4	11	962
용인시처인구	이동읍제3투	151	350	23	7	1	5	295
용인시처인구	관내사전	1697	731	147	14	0	14	0
용인시처인구	남사읍제1투	167	465	31	5	1	2	396
용인시처인구	남사읍제2투	115	251	19	1	0	3	202
용인시처인구	남사읍제3투	237	446	27	2	2	5	285
용인시처인구	남사읍제4투	171	397	28	3	0	1	318
용인시처인구	남사읍제5투	1356	1168	164	22	0	11	1038
용인시처인구	남사읍제6투	1106	1095	188	18	3	9	795
용인시처인구	관내사전	1137	650	118	11	2	23	0
용인시처인구	원삼면제1투	171	607	24	3	0	3	545
용인시처인구	원삼면제2투	163	455	23	4	1	1	333
용인시처인구	원삼면제3투	335	638	42	9	0	8	535
용인시처인구	원삼면제4투	89	265	3	3	0	2	246
용인시처인구	관내사전	1306	840	168	16	1	22	0
용인시처인구	백암면제1투	187	480	31	3	2	7	490
용인시처인구	백암면제2투	136	323	23	2	1	0	237
용인시처인구	백암면제3투	137	337	30	3	0	4	308
용인시처인구	백암면제4투	193	381	31	9	1	6	485
용인시처인구	백암면제5투	221	339	32	3	1	5	424
용인시처인구	관내사전	2837	1265	299	38	5	41	0
용인시처인구	양지면제1투	752	1115	163	22	1	11	1443
용인시처인구	양지면제2투	562	946	96	10	0	8	913
용인시처인구	관내사전	3793	1832	529	43	11	38	0
용인시처인구	중앙동제1투	792	1029	179	15	5	20	1175
용인시처인구	중앙동제2투	515	493	151	14	1	13	557
용인시처인구	중앙동제3투	530	856	97	17	2	7	784
용인시처인구	중앙동제4투	417	528	84	8	3	7	620
용인시처인구	중앙동제5투	896	1447	248	16	4	24	1879
용인시처인구	중앙동제6투	680	889	123	13	3	11	625
용인시처인구	관내사전	5303	2049	1010	77	7	63	0
용인시처인구	역북동제1투	379	524	139	12	2	9	719
용인시처인구	역북동제2투	1130	1137	182	21	3	19	1430
용인시처인구	역북동제3투	1124	1529	283	35	5	14	1736
용인시처인구	역북동제4투	549	841	218	16	1	11	987
용인시처인구	역북동제5투	932	795	193	11	3	9	607
용인시처인구	역북동제6투	831	841	200	12	5	13	688
용인시처인구	관내사전	1467	567	163	25	4	18	0
용인시처인구	삼가동제1투	611	857	138	13	1	7	650
용인시처인구	삼가동제2투	773	985	134	23	1	13	720
용인시처인구	삼가동제3투	747	728	163	16	1	10	564
용인시처인구	관내사전	4711	1411	474	54	2	32	0
용인시처인구	관내사전	2164	1004	247	25	2	23	0
용인시처인구	동부동제1투	614	946	135	8	6	6	1096
용인시처인구	동부동제2투	789	1108	166	20	8	25	1233
용인시처인구	동부동제3투	291	525	41	11	2	10	379
