순창군	관내사전	3929	266	132	36	4	21	0
순창군	순창읍제1투	325	76	22	3	1	3	333
순창군	순창읍제2투	488	137	26	3	0	5	506
순창군	순창읍제3투	414	97	20	5	1	6	380
순창군	관내사전	779	52	20	5	2	9	0
순창군	인계면투표소	150	36	4	0	3	5	154
순창군	관내사전	843	66	25	6	4	9	0
순창군	동계면투표소	207	45	9	5	0	4	231
순창군	관내사전	604	45	24	6	2	11	0
순창군	적성면투표소	97	29	5	1	1	4	138
순창군	관내사전	587	32	11	7	0	7	0
순창군	유등면투표소	112	24	1	0	0	1	121
순창군	관내사전	622	38	20	8	2	9	0
순창군	풍산면투표소	164	43	9	5	2	2	230
순창군	관내사전	814	64	17	11	2	6	0
순창군	금과면투표소	167	29	8	2	2	6	228
순창군	관내사전	832	59	22	5	1	7	0
순창군	팔덕면투표소	126	23	10	2	0	2	159
순창군	관내사전	939	63	8	2	2	3	0
순창군	복흥면제1투	134	19	7	1	0	0	173
순창군	복흥면제2투	119	20	5	1	0	2	74
순창군	관내사전	842	72	17	3	0	12	0
순창군	쌍치면투표소	230	62	13	5	2	1	208
순창군	관내사전	986	64	23	10	2	7	0
순창군	구림면제1투	140	47	9	1	0	1	204
순창군	구림면제2투	97	30	5	0	0	2	89
순창군	관외사전	85	12	5	4	0	0	23
