김해시	진영읍제1투	350	515	62	15	1	3	430
김해시	진영읍제2투	799	924	128	18	3	11	1061
김해시	진영읍제3투	919	934	171	25	2	21	1168
김해시	진영읍제4투	1174	1019	180	36	4	17	965
김해시	진영읍제5투	891	859	153	23	1	15	864
김해시	진영읍제6투	978	943	118	20	4	14	726
김해시	진영읍제7투	618	826	137	14	1	12	1230
김해시	진영읍제8투	526	797	83	12	2	8	1111
김해시	진영읍제9투	932	1051	152	12	6	23	1283
김해시	진영읍제10투	319	527	31	5	0	3	568
김해시	진영읍제11투	1031	957	180	31	4	8	713
김해시	관내사전	2431	1033	250	31	5	15	0
김해시	주촌면제1투	631	1154	129	13	0	16	1137
김해시	주촌면제2투	1025	918	214	22	2	18	564
김해시	주촌면제3투	1186	1077	229	30	1	13	646
김해시	주촌면제4투	760	767	162	27	3	10	552
김해시	관내사전	1347	800	149	16	3	12	0
김해시	진례면제1투	311	679	42	8	1	7	647
김해시	진례면제2투	291	730	54	2	1	5	667
김해시	관내사전	1109	619	107	13	4	28	0
김해시	한림면제1투	177	339	23	6	0	2	336
김해시	한림면제2투	199	472	31	3	0	2	434
김해시	한림면제3투	256	446	34	5	3	10	450
김해시	한림면제4투	235	378	21	1	2	5	339
김해시	관내사전	765	531	72	13	1	6	0
김해시	생림면제1투	155	499	22	2	0	2	396
김해시	생림면제2투	189	504	20	6	0	5	341
김해시	관내사전	625	430	57	18	6	36	0
김해시	상동면제1투	174	558	24	5	0	4	519
김해시	상동면제2투	95	235	19	1	2	2	161
김해시	관내사전	531	382	34	8	0	9	0
김해시	대동면제1투	213	617	29	9	0	4	389
김해시	대동면제2투	169	591	30	7	1	4	385
김해시	대동면제3투	154	503	12	4	1	1	263
김해시	관내사전	1423	959	144	23	2	14	0
김해시	동상동제1투	583	1178	110	13	2	17	1163
김해시	동상동제2투	373	834	72	8	1	10	970
김해시	관내사전	1769	1209	191	36	5	17	0
김해시	회현동제1투	272	826	56	9	1	6	731
김해시	회현동제2투	659	1164	134	27	4	18	877
김해시	관내사전	2060	1097	319	44	2	28	0
김해시	부원동제1투	450	919	93	9	3	10	865
김해시	부원동제2투	515	1204	116	14	4	10	1208
김해시	내외동제1투	801	1043	153	21	2	14	1044
김해시	내외동제2투	424	675	69	9	1	6	894
김해시	내외동제3투	401	616	87	13	6	12	766
김해시	내외동제4투	548	988	124	20	0	13	968
김해시	내외동제5투	752	1211	178	21	0	16	1202
김해시	내외동제6투	949	1331	197	24	3	14	911
김해시	내외동제7투	391	669	90	9	0	11	1114
김해시	내외동제8투	572	796	136	14	6	13	833
김해시	내외동제9투	757	995	129	18	5	18	783
김해시	내외동제10투	638	871	117	27	2	9	788
김해시	내외동제11투	291	399	53	9	2	8	468
김해시	내외동제12투	947	1179	164	23	2	22	760
김해시	내외동제13투	662	1009	146	20	2	19	1243
김해시	내외동제14투	892	1169	204	31	2	16	1279
김해시	내외동제15투	792	1150	135	28	3	18	1099
김해시	내외동제16투	888	772	170	28	3	17	554
김해시	관내사전	7897	3290	891	110	10	74	0
김해시	북부동제1투	468	830	90	14	3	10	1136
김해시	북부동제2투	549	928	91	12	4	11	786
김해시	북부동제3투	673	1073	115	18	2	18	876
김해시	북부동제4투	1130	1044	222	29	3	18	835
김해시	북부동제5투	952	1043	188	34	4	14	966
김해시	북부동제6투	865	1185	125	28	4	15	936
김해시	북부동제7투	854	1405	174	34	5	13	770
김해시	북부동제8투	602	985	151	23	4	8	951
김해시	북부동제9투	380	613	96	11	0	8	618
김해시	북부동제10투	735	773	127	23	5	18	829
김해시	북부동제11투	748	890	160	30	2	18	789
김해시	북부동제12투	508	790	128	14	3	20	1047
김해시	북부동제13투	646	850	146	19	3	13	845
김해시	북부동제14투	923	947	169	17	2	16	822
김해시	북부동제15투	894	856	168	20	2	12	852
김해시	북부동제16투	952	1029	178	19	1	18	741
김해시	북부동제17투	1058	1047	251	27	1	24	699
김해시	관내사전	1844	982	171	29	2	18	0
김해시	칠산서부동제1투	365	734	50	11	3	6	648
김해시	칠산서부동제3투	387	648	72	9	0	7	567
김해시	관내사전	3531	1812	397	47	6	43	0
김해시	활천동제1투	633	1062	97	10	2	13	1263
김해시	활천동제2투	675	1005	144	14	3	9	1020
김해시	활천동제3투	602	1116	126	24	4	21	1046
김해시	활천동제4투	856	1358	163	15	4	15	1600
김해시	활천동제5투	843	1135	172	24	6	22	1368
김해시	활천동제6투	895	1164	163	18	5	18	863
김해시	활천동제7투	681	995	107	27	2	13	1419
김해시	관내사전	4690	2486	576	50	8	70	0
김해시	삼안동제1투	625	947	157	15	2	16	1202
김해시	삼안동제2투	1287	1511	358	29	0	28	1061
김해시	삼안동제3투	1062	1477	183	29	5	23	1303
김해시	삼안동제4투	421	765	125	15	4	10	952
김해시	삼안동제5투	781	1081	183	31	2	14	778
김해시	삼안동제6투	428	684	91	9	2	7	765
김해시	삼안동제7투	488	756	86	14	0	9	789
김해시	삼안동제8투	387	778	109	12	0	15	1135
김해시	관내사전	1237	566	107	8	3	14	0
김해시	불암동제1투	847	1241	152	23	1	22	1024
김해시	불암동제2투	115	271	23	1	0	2	202
김해시	관내사전	6152	2566	695	78	4	54	0
김해시	장유1동제1투	1272	1147	231	40	6	23	913
김해시	장유1동제2투	1098	1222	182	27	2	21	1158
김해시	장유1동제3투	853	1061	125	25	2	17	950
김해시	장유1동제4투	1127	1097	193	24	2	22	807
김해시	장유1동제5투	964	1266	191	24	3	21	964
김해시	장유1동제6투	871	1287	203	29	2	19	1430
김해시	장유1동제7투	1085	1415	241	30	4	23	1599
김해시	장유1동제8투	1196	1417	254	33	4	20	1316
김해시	장유1동제9투	1120	1306	252	27	3	21	1254
김해시	장유1동제10투	1049	993	284	26	0	19	596
김해시	장유2동제1투	627	907	107	7	5	14	1059
김해시	장유2동제2투	882	900	164	22	1	16	829
김해시	장유2동제3투	647	737	123	23	1	6	798
김해시	장유2동제4투	877	1081	169	32	3	18	1076
김해시	장유2동제5투	779	1025	139	24	1	19	963
김해시	장유2동제6투	947	1072	204	32	1	11	800
김해시	장유2동제7투	942	1137	269	25	4	19	983
김해시	관내사전	7754	2360	884	113	11	70	1
김해시	장유3동제1투	1208	1340	198	27	4	17	967
김해시	장유3동제2투	1104	1063	187	28	1	13	710
김해시	장유3동제3투	1102	1058	197	30	1	21	1098
김해시	장유3동제4투	891	1119	189	22	2	19	947
김해시	장유3동제6투	1045	1435	226	24	2	17	1078
김해시	장유3동제7투	1420	1021	252	45	1	23	755
김해시	장유3동제8투	877	1164	134	18	3	13	1108
김해시	장유3동제9투	1417	1171	348	44	1	19	808
김해시	장유3동제10투	1234	1055	220	32	4	10	711
김해시	장유3동제11투	780	1014	254	33	2	23	907
김해시	관외사전	1199	625	351	26	7	45	461
