용인시기흥구	관내사전	4919	1883	674	64	9	42	0
용인시기흥구	신갈동제1투	517	726	149	8	2	13	1051
용인시기흥구	신갈동제2투	505	669	116	11	1	6	671
용인시기흥구	신갈동제3투	533	692	120	8	1	9	698
용인시기흥구	신갈동제4투	903	789	172	21	3	8	624
용인시기흥구	신갈동제5투	769	1016	160	19	1	5	600
용인시기흥구	신갈동제6투	906	694	168	15	1	16	384
용인시기흥구	신갈동제7투	1116	1184	208	28	0	23	795
용인시기흥구	신갈동제8투	920	806	127	10	2	13	403
용인시기흥구	신갈동제9투	874	883	249	16	0	14	559
용인시기흥구	관내사전	4272	1294	510	47	2	31	1
용인시기흥구	영덕1동제1투	1129	1710	295	25	2	32	1322
용인시기흥구	영덕1동제2투	716	795	138	19	1	9	451
용인시기흥구	영덕1동제3투	987	1014	213	20	1	13	686
용인시기흥구	영덕1동제4투	771	966	126	26	1	16	975
용인시기흥구	영덕1동제5투	878	928	225	19	4	17	804
용인시기흥구	영덕1동제6투	543	804	184	16	1	9	841
용인시기흥구	관내사전	2358	730	307	20	4	17	0
용인시기흥구	영덕2동제1투	844	1288	142	19	0	11	982
용인시기흥구	영덕2동제2투	961	1173	266	19	1	28	1107
용인시기흥구	영덕2동제3투	1304	1297	261	32	2	12	771
용인시기흥구	관내사전	3781	1153	559	45	5	25	1
용인시기흥구	구갈동제1투	459	716	192	9	2	15	1084
용인시기흥구	구갈동제2투	626	707	190	22	0	12	729
용인시기흥구	구갈동제3투	1099	1245	279	20	2	13	1161
용인시기흥구	구갈동제4투	752	808	141	16	1	8	434
용인시기흥구	구갈동제5투	645	904	201	21	2	15	656
용인시기흥구	구갈동제6투	499	456	82	11	2	12	277
용인시기흥구	구갈동제7투	459	543	105	12	1	6	387
용인시기흥구	구갈동제8투	1221	1269	340	24	1	20	786
용인시기흥구	구갈동제9투	1166	1190	272	22	1	21	746
용인시기흥구	관내사전	2384	801	313	24	2	24	0
용인시기흥구	상갈동제1투	571	717	144	18	2	12	869
용인시기흥구	상갈동제2투	620	690	176	26	1	15	776
용인시기흥구	상갈동제3투	727	820	129	12	3	8	468
용인시기흥구	관내사전	4542	1266	437	48	3	18	0
용인시기흥구	보라동제1투	523	582	115	15	3	10	662
용인시기흥구	보라동제2투	561	651	96	10	3	8	434
용인시기흥구	보라동제3투	892	1161	141	16	2	11	641
용인시기흥구	보라동제4투	1097	1112	155	22	2	17	795
용인시기흥구	보라동제5투	803	955	143	19	2	16	1054
용인시기흥구	보라동제6투	1088	960	184	21	1	9	802
용인시기흥구	보라동제7투	809	1000	98	21	1	7	665
용인시기흥구	관내사전	2075	792	193	14	3	12	0
용인시기흥구	기흥동제1투	487	839	87	14	0	11	789
용인시기흥구	기흥동제2투	648	690	96	13	1	12	684
용인시기흥구	기흥동제3투	111	315	25	2	0	4	287
용인시기흥구	기흥동제4투	780	1096	163	16	2	11	1381
용인시기흥구	기흥동제5투	798	1453	159	12	2	14	984
용인시기흥구	관내사전	3148	1032	461	37	5	33	0
용인시기흥구	서농동제1투	73	307	170	5	0	4	273
용인시기흥구	서농동제2투	834	1070	222	20	1	15	535
용인시기흥구	서농동제3투	671	1022	299	20	2	16	773
용인시기흥구	서농동제4투	441	693	109	8	6	4	766
용인시기흥구	서농동제5투	1049	845	201	26	2	17	532
용인시기흥구	서농동제6투	645	614	138	17	0	11	364
용인시기흥구	관내사전	4938	1966	528	54	1	37	0
용인시기흥구	구성동제1투	703	1609	196	15	2	14	1101
용인시기흥구	구성동제2투	576	1380	118	12	0	8	713
용인시기흥구	구성동제3투	735	1191	149	10	0	10	788
용인시기흥구	구성동제4투	792	1308	150	15	1	10	549
용인시기흥구	구성동제5투	650	614	78	9	1	4	307
용인시기흥구	구성동제6투	1018	1009	176	21	2	7	987
용인시기흥구	구성동제7투	896	1065	109	15	1	14	833
용인시기흥구	구성동제8투	735	863	106	22	2	10	722
용인시기흥구	관내사전	3365	1341	356	43	2	20	0
용인시기흥구	마북동제1투	578	1151	146	13	0	8	951
용인시기흥구	마북동제2투	495	1255	120	10	0	5	681
용인시기흥구	마북동제3투	1216	1603	312	29	0	20	1022
용인시기흥구	마북동제4투	663	1199	139	14	1	9	511
용인시기흥구	마북동제5투	783	946	163	15	0	14	614
용인시기흥구	마북동제6투	451	919	78	15	1	6	433
용인시기흥구	마북동제7투	725	1136	114	13	3	9	779
용인시기흥구	관내사전	4014	905	350	49	3	27	0
용인시기흥구	동백1동제1투	1309	890	174	20	0	14	768
용인시기흥구	동백1동제2투	813	979	112	7	1	11	722
용인시기흥구	동백1동제3투	964	895	112	14	2	11	670
용인시기흥구	동백1동제4투	910	853	121	16	3	15	697
용인시기흥구	동백1동제5투	1050	874	212	17	0	14	812
용인시기흥구	동백1동제6투	759	658	116	14	3	11	483
용인시기흥구	관내사전	5063	1444	527	63	6	29	2
용인시기흥구	동백2동제1투	843	934	154	9	1	13	589
용인시기흥구	동백2동제2투	1076	1368	218	31	1	19	1178
용인시기흥구	동백2동제3투	638	572	110	7	2	5	412
용인시기흥구	동백2동제4투	624	666	106	15	0	7	514
용인시기흥구	동백2동제5투	1064	1081	154	20	1	11	864
용인시기흥구	관내사전	2986	867	338	23	1	18	0
용인시기흥구	동백3동제1투	1148	1156	203	17	4	9	882
용인시기흥구	동백3동제2투	906	1073	164	18	2	5	668
용인시기흥구	동백3동제3투	1182	1402	238	13	1	14	1200
용인시기흥구	동백3동제4투	235	1345	24	4	0	12	344
용인시기흥구	동백3동제5투	528	552	101	12	0	6	403
용인시기흥구	관내사전	2789	1001	262	37	5	23	0
용인시기흥구	상하동제1투	848	1163	185	20	3	12	1119
용인시기흥구	상하동제2투	909	1084	171	11	2	16	830
용인시기흥구	상하동제3투	822	881	128	16	1	10	591
용인시기흥구	상하동제4투	716	906	119	9	1	17	819
용인시기흥구	상하동제5투	643	730	97	15	1	9	436
용인시기흥구	보정동제1투	856	1421	243	27	1	14	1344
용인시기흥구	보정동제2투	709	1828	159	15	1	14	846
용인시기흥구	보정동제3투	950	1653	249	25	0	14	909
용인시기흥구	보정동제4투	742	1166	178	21	0	16	625
용인시기흥구	보정동제5투	576	940	95	6	0	6	444
용인시기흥구	보정동제6투	688	671	134	21	1	9	490
용인시기흥구	보정동제7투	264	408	55	7	0	5	269
용인시기흥구	관외사전	2157	760	369	46	1	36	549
