고양시일산서구	일산1동제3투	475	668	85	20	0	6	660
고양시일산서구	일산1동제5투	670	924	122	24	1	20	697
고양시일산서구	일산2동제2투	980	1150	173	27	1	7	618
고양시일산서구	일산2동제5투	482	697	81	14	3	7	952
고양시일산서구	일산3동제1투	576	652	132	12	4	5	578
고양시일산서구	일산3동제2투	842	1047	201	32	1	11	636
고양시일산서구	일산3동제4투	713	674	96	12	0	7	476
고양시일산서구	일산3동제6투	633	770	153	18	0	6	442
고양시일산서구	일산3동제7투	570	534	102	11	3	11	432
고양시일산서구	탄현1동제4투	691	694	128	21	1	5	913
고양시일산서구	주엽1동제1투	582	837	114	11	0	6	714
고양시일산서구	주엽1동제5투	352	388	55	8	0	1	386
고양시일산서구	주엽1동제6투	564	799	121	21	1	8	454
고양시일산서구	주엽1동제7투	587	917	123	20	0	16	622
고양시일산서구	주엽2동제1투	453	748	126	11	1	8	554
고양시일산서구	주엽2동제4투	572	742	103	11	1	9	629
고양시일산서구	주엽2동제6투	402	517	75	17	0	7	489
고양시일산서구	대화동제2투	905	733	127	23	2	15	616
고양시일산서구	대화동제4투	384	555	89	16	0	8	542
고양시일산서구	대화동제6투	793	1108	202	33	2	10	965
고양시일산서구	대화동제7투	518	669	131	17	2	14	934
