수원시권선구	세류1동제2투	461	596	114	17	4	19	700
수원시권선구	세류2동제1투	544	736	105	17	2	10	1099
수원시권선구	평동제6투	824	933	169	21	0	18	667
수원시권선구	서둔동제2투	459	527	78	9	1	6	550
수원시권선구	서둔동제4투	400	522	81	9	1	14	675
수원시권선구	구운동제1투	514	572	133	13	4	8	752
수원시권선구	구운동제3투	447	681	87	12	0	16	612
수원시권선구	구운동제6투	498	620	78	8	4	6	968
수원시권선구	금곡동제1투	963	1101	218	22	3	25	1331
수원시권선구	금곡동제2투	836	791	198	22	0	9	513
수원시권선구	금곡동제3투	1096	1185	252	27	1	18	1272
수원시권선구	금곡동제6투	797	785	159	18	1	12	764
수원시권선구	금곡동제8투	775	761	106	16	1	5	655
수원시권선구	호매실동제1투	624	807	130	11	2	8	845
수원시권선구	호매실동제2투	752	786	149	17	2	9	633
수원시권선구	호매실동제3투	753	521	113	14	2	7	627
수원시권선구	호매실동제5투	1255	966	180	22	1	16	957
수원시권선구	호매실동제8투	761	565	133	18	0	3	445
수원시권선구	권선2동제3투	499	665	106	12	1	6	442
수원시권선구	권선2동제4투	477	583	95	10	1	12	573
수원시권선구	곡선동제4투	904	801	195	21	3	21	552
수원시권선구	입북동제1투	569	666	129	10	2	8	506
수원시권선구	입북동제4투	811	719	145	16	1	11	360
