안양시만안구	안양1동제4투	630	951	189	10	0	14	418
안양시만안구	안양3동제3투	697	848	151	10	0	13	1096
안양시만안구	안양4동제1투	472	696	105	15	1	14	774
안양시만안구	안양5동제2투	831	894	220	11	2	13	778
안양시만안구	안양6동제4투	584	731	137	13	2	16	826
안양시만안구	안양8동제2투	616	725	123	18	2	12	855
안양시만안구	안양8동제3투	286	421	68	5	0	4	376
안양시만안구	안양9동제3투	561	677	96	14	2	9	783
안양시만안구	석수1동제1투	718	1076	167	26	1	19	747
안양시만안구	석수1동제4투	1101	1291	238	21	1	8	595
안양시만안구	석수2동제1투	316	436	75	12	0	8	430
안양시만안구	석수2동제5투	521	583	74	9	0	12	531
안양시만안구	박달1동제2투	383	456	51	2	1	5	641
안양시만안구	박달1동제3투	394	580	66	7	1	4	638
안양시만안구	박달2동제4투	785	885	146	14	2	11	728
