부산진구	관내사전	1349	708	318	20	8	27	0
부산진구	연지동제1투	727	1140	118	17	1	2	509
부산진구	연지동제2투	348	1072	89	13	0	8	667
부산진구	연지동제3투	236	839	51	9	2	7	618
부산진구	관내사전	1260	625	204	24	0	16	0
부산진구	부암제1동제1투	331	802	111	12	0	16	821
부산진구	부암제1동제4투	725	1543	165	17	1	20	1125
부산진구	부암제3동제2투	613	1187	126	12	1	15	591
부산진구	당감제1동제1투	297	782	40	5	2	13	599
부산진구	당감제4동제1투	174	456	29	9	0	1	422
부산진구	가야제1동제1투	377	835	60	10	1	12	682
부산진구	가야제1동제2투	391	779	73	13	4	9	793
부산진구	가야제1동제3투	337	757	65	10	0	2	592
부산진구	관내사전	1276	828	170	18	0	17	0
부산진구	개금제3동제5투	347	745	43	9	1	6	566
