천안시서북구	관내사전	2769	1569	320	36	4	32	0
천안시서북구	성환읍제1투	252	533	53	9	1	1	509
천안시서북구	성환읍제2투	400	779	95	13	1	12	861
천안시서북구	성환읍제3투	449	504	57	13	0	4	442
천안시서북구	성환읍제4투	116	252	26	2	1	0	179
천안시서북구	성환읍제5투	173	315	15	4	0	1	248
천안시서북구	성환읍제6투	267	544	43	4	0	9	515
천안시서북구	성환읍제7투	317	633	80	4	1	9	867
천안시서북구	성환읍제8투	125	232	20	6	0	1	186
천안시서북구	성환읍제9투	535	719	77	13	3	9	834
천안시서북구	성환읍제10투	605	556	88	27	1	15	575
천안시서북구	관내사전	2149	835	211	25	4	21	1
천안시서북구	성거읍제1투	659	693	82	12	3	9	1041
천안시서북구	성거읍제2투	296	534	42	4	1	3	517
천안시서북구	성거읍제3투	1244	1060	219	39	1	24	1327
천안시서북구	성거읍제4투	483	721	109	25	2	15	900
천안시서북구	성거읍제5투	229	467	50	6	1	4	564
천안시서북구	성거읍제6투	493	497	90	6	1	5	471
천안시서북구	관내사전	3696	1426	485	49	5	46	0
천안시서북구	직산읍제1투	220	511	37	5	0	6	352
천안시서북구	직산읍제2투	871	835	190	28	1	12	1276
천안시서북구	직산읍제3투	361	686	65	6	2	5	706
천안시서북구	직산읍제4투	392	512	89	8	2	10	807
천안시서북구	직산읍제5투	530	416	86	13	1	8	748
천안시서북구	직산읍제6투	593	639	83	18	4	9	815
천안시서북구	입장면제1투	292	528	56	7	2	13	678
천안시서북구	입장면제2투	136	279	26	7	1	6	221
천안시서북구	입장면제3투	366	731	53	2	0	10	769
천안시서북구	입장면제4투	130	250	22	2	0	3	205
천안시서북구	관내사전	1214	578	146	20	0	13	0
천안시서북구	성정1동제1투	403	633	93	6	2	9	670
천안시서북구	성정1동제2투	620	955	135	16	0	10	1628
천안시서북구	성정1동제3투	554	947	113	11	2	18	1540
천안시서북구	성정1동제4투	742	1106	174	22	3	11	824
천안시서북구	관내사전	2218	936	298	41	3	34	0
천안시서북구	성정2동제1투	273	301	73	6	0	6	634
천안시서북구	성정2동제2투	652	943	172	24	2	17	1502
천안시서북구	성정2동제3투	644	908	141	19	3	8	1184
천안시서북구	성정2동제4투	416	618	110	9	1	9	1588
천안시서북구	성정2동제5투	701	913	247	22	2	19	2654
천안시서북구	성정2동제6투	403	461	156	6	0	19	1978
천안시서북구	관내사전	1587	718	211	25	1	20	0
천안시서북구	쌍용1동제1투	386	729	86	11	0	13	774
천안시서북구	쌍용1동제2투	372	676	96	13	2	7	821
천안시서북구	쌍용1동제3투	507	663	114	14	2	11	693
천안시서북구	쌍용1동제4투	537	791	84	14	1	10	651
천안시서북구	관내사전	3656	1382	538	49	9	33	0
천안시서북구	쌍용2동제1투	609	964	149	17	1	13	932
천안시서북구	쌍용2동제2투	523	669	98	10	0	15	666
천안시서북구	쌍용2동제3투	431	517	122	13	1	10	743
천안시서북구	쌍용2동제4투	1106	1002	242	25	2	16	840
천안시서북구	쌍용2동제5투	343	405	93	10	0	6	523
천안시서북구	쌍용2동제6투	734	849	134	18	4	10	678
천안시서북구	쌍용2동제7투	944	906	165	26	2	12	586
천안시서북구	쌍용2동제8투	1063	1386	209	19	3	23	1240
천안시서북구	관내사전	3113	1109	381	34	2	25	0
천안시서북구	쌍용3동제1투	516	790	115	8	0	8	685
천안시서북구	쌍용3동제2투	429	616	51	13	4	10	706
천안시서북구	쌍용3동제3투	292	401	61	12	0	12	445
천안시서북구	쌍용3동제4투	429	425	78	15	0	9	635
천안시서북구	쌍용3동제5투	508	489	128	8	1	11	551
천안시서북구	쌍용3동제6투	478	784	142	18	0	5	347
천안시서북구	관내사전	3230	999	402	42	5	19	0
천안시서북구	백석동제1투	578	582	157	14	1	10	619
천안시서북구	백석동제2투	502	611	70	15	0	9	458
천안시서북구	백석동제3투	726	829	115	14	1	7	713
천안시서북구	백석동제5투	958	801	166	17	8	5	684
천안시서북구	백석동제6투	1255	1211	317	27	6	18	1190
천안시서북구	백석동제7투	1163	766	214	26	3	14	475
천안시서북구	백석동제8투	1016	595	175	24	0	8	468
천안시서북구	백석동제9투	530	570	128	12	1	8	526
천안시서북구	관내사전	2593	803	425	50	3	35	0
천안시서북구	불당1동제1투	1102	1037	202	31	0	19	748
천안시서북구	불당1동제2투	919	676	174	28	2	10	568
천안시서북구	불당1동제3투	630	593	143	21	1	11	647
천안시서북구	불당1동제4투	775	866	175	26	2	9	821
천안시서북구	불당1동제5투	327	421	122	8	0	4	449
천안시서북구	불당1동제6투	770	986	228	20	1	8	722
천안시서북구	불당1동제7투	1220	953	363	35	1	24	879
천안시서북구	관내사전	4263	1355	770	68	8	49	0
천안시서북구	불당2동제1투	1222	1239	281	41	2	20	755
천안시서북구	불당2동제2투	806	904	215	17	1	12	727
천안시서북구	불당2동제3투	795	792	209	22	0	7	544
천안시서북구	불당2동제4투	1194	1030	239	33	1	19	805
천안시서북구	불당2동제5투	1119	822	271	26	2	26	708
천안시서북구	불당2동제6투	923	973	277	21	1	17	1018
천안시서북구	부성1동제1투	532	576	138	17	3	10	581
천안시서북구	부성1동제3투	157	268	21	4	0	5	232
천안시서북구	부성1동제4투	585	656	122	10	1	17	531
천안시서북구	부성1동제5투	789	677	193	22	2	11	1071
천안시서북구	부성1동제6투	404	334	70	11	0	7	351
천안시서북구	부성1동제7투	679	623	152	23	2	12	866
천안시서북구	부성1동제8투	720	736	217	16	2	18	770
천안시서북구	부성1동제9투	710	895	382	20	3	22	2323
천안시서북구	부성1동제10투	930	744	186	18	4	17	550
천안시서북구	부성1동제11투	1084	982	245	26	0	15	998
천안시서북구	부성1동제12투	942	956	313	22	3	11	899
천안시서북구	부성1동제13투	852	666	215	29	1	4	417
천안시서북구	관내사전	6280	1738	994	79	7	64	0
천안시서북구	부성2동제1투	1207	698	236	25	3	8	781
천안시서북구	부성2동제2투	992	927	205	20	3	13	795
천안시서북구	부성2동제3투	1122	972	211	28	1	10	1036
천안시서북구	부성2동제4투	471	519	196	9	1	15	1465
천안시서북구	부성2동제5투	832	768	214	20	1	21	1158
천안시서북구	부성2동제6투	690	685	184	28	4	11	1239
천안시서북구	부성2동제7투	754	728	123	27	0	10	782
천안시서북구	부성2동제8투	886	626	192	25	3	14	921
천안시서북구	부성2동제9투	751	392	186	17	3	10	391
천안시서북구	부성2동제10투	1207	1053	328	27	5	14	1120
천안시서북구	부성2동제11투	1213	740	245	31	0	20	508
천안시서북구	부성2동제12투	1006	660	259	27	3	13	494
천안시서북구	부성2동제13투	1130	809	288	18	0	12	1022
천안시서북구	관외사전	831	297	211	20	3	37	252
