익산시	관내사전	3025	265	108	19	4	12	0
익산시	함열읍제1투	512	161	21	4	3	10	667
익산시	함열읍제2투	468	133	22	3	1	4	429
익산시	관내사전	1783	132	50	15	3	11	0
익산시	오산면제1투	395	79	14	10	0	4	397
익산시	오산면제2투	873	159	47	10	2	9	532
익산시	오산면제3투	224	65	11	3	0	5	219
익산시	관내사전	2719	169	86	16	4	20	0
익산시	황등면제1투	335	108	12	4	3	3	456
익산시	황등면제2투	726	176	45	10	0	4	603
익산시	황등면제3투	226	52	9	2	0	2	160
익산시	관내사전	883	70	23	5	0	7	0
익산시	함라면투표소	300	92	8	4	1	6	349
익산시	관내사전	607	44	19	1	0	3	0
익산시	웅포면투표소	218	65	12	3	1	1	250
익산시	관내사전	647	55	15	2	1	2	0
익산시	성당면투표소	286	85	10	5	1	3	349
익산시	관내사전	924	98	23	5	2	20	1
익산시	용안면투표소	300	125	17	2	1	6	461
익산시	관내사전	1000	81	42	8	0	8	0
익산시	낭산면투표소	498	141	24	6	0	7	497
익산시	관내사전	843	124	23	8	1	7	0
익산시	망성면투표소	501	203	23	3	0	9	584
익산시	관내사전	1231	109	55	7	3	14	0
익산시	여산면투표소	447	169	41	4	0	4	530
익산시	관내사전	2387	237	115	18	5	26	0
익산시	금마면제1투	485	209	37	7	1	3	584
익산시	금마면제2투	311	100	18	2	0	4	299
익산시	관내사전	1596	133	66	10	5	15	0
익산시	왕궁면제1투	523	152	36	8	2	8	536
익산시	왕궁면제2투	210	48	13	3	1	3	239
익산시	왕궁면제3투	265	67	8	0	1	2	63
익산시	관내사전	1113	63	29	10	1	20	0
익산시	춘포면제1투	234	41	11	2	0	1	266
익산시	춘포면제2투	420	42	11	4	2	2	211
익산시	춘포면제3투	442	87	26	3	0	3	264
익산시	관내사전	1379	89	45	15	3	33	0
익산시	삼기면투표소	382	91	32	6	1	1	447
익산시	관내사전	505	64	23	3	1	3	0
익산시	용동면투표소	260	75	10	3	0	0	279
익산시	관내사전	1893	184	67	20	3	11	0
익산시	중앙동제1투	281	93	36	4	2	4	384
익산시	중앙동제2투	198	77	21	2	1	6	277
익산시	관내사전	1719	135	62	9	1	10	0
익산시	평화동제1투	467	135	41	1	0	2	440
익산시	평화동제2투	339	64	15	0	1	3	305
익산시	관내사전	2617	177	80	12	2	9	0
익산시	인화동제1투	390	138	38	5	1	9	615
익산시	인화동제2투	492	144	24	8	1	5	584
익산시	관내사전	6425	340	211	38	7	20	1
익산시	동산동제1투	536	126	35	3	1	1	537
익산시	동산동제2투	379	80	26	6	0	0	375
익산시	동산동제3투	712	166	61	6	4	8	754
익산시	동산동제4투	762	156	58	6	3	7	691
익산시	동산동제5투	1263	238	64	12	3	13	1043
익산시	관내사전	5150	321	241	30	7	29	0
익산시	마동제1투	198	67	17	1	1	5	307
익산시	마동제2투	1829	352	177	32	2	9	1089
익산시	마동제3투	1250	315	125	13	2	6	1004
익산시	관내사전	3890	355	150	27	5	20	0
익산시	남중동제1투	348	140	26	2	0	2	529
익산시	남중동제2투	501	180	50	10	0	2	482
익산시	남중동제3투	589	149	54	11	1	5	602
익산시	남중동제4투	522	166	23	1	0	2	452
익산시	관내사전	9629	659	430	57	5	46	0
익산시	모현동제1투	547	134	37	8	3	5	640
익산시	모현동제2투	517	159	50	8	0	6	462
익산시	모현동제3투	779	189	60	8	4	4	557
익산시	모현동제4투	451	170	37	12	0	3	484
익산시	모현동제5투	727	194	62	15	0	5	548
익산시	모현동제6투	1105	201	80	16	1	5	523
익산시	모현동제7투	755	151	39	8	1	6	588
익산시	모현동제8투	968	185	74	14	2	8	370
익산시	모현동제9투	712	169	67	15	0	6	391
익산시	모현동제10투	987	150	56	14	0	4	348
익산시	관내사전	4487	310	195	30	2	17	0
익산시	송학동제1투	284	65	27	5	1	1	303
익산시	송학동제2투	459	122	33	2	0	4	301
익산시	송학동제3투	1245	217	142	13	1	9	943
익산시	관내사전	4870	557	649	51	12	78	0
익산시	신동제1투	516	286	129	7	2	13	829
익산시	신동제2투	506	235	96	4	0	9	938
익산시	신동제3투	899	254	93	15	0	5	559
익산시	신동제4투	443	118	35	0	0	8	625
익산시	관내사전	6287	439	274	43	2	19	0
익산시	영등1동제1투	461	175	54	12	0	4	544
익산시	영등1동제2투	1091	304	68	15	1	10	986
익산시	영등1동제3투	987	252	105	9	2	14	845
익산시	영등1동제4투	1068	274	89	16	0	12	770
익산시	관내사전	5862	397	365	51	6	51	0
익산시	영등2동제1투	826	175	90	13	2	7	590
익산시	영등2동제2투	531	178	76	15	1	4	452
익산시	영등2동제3투	802	180	95	11	2	8	624
익산시	관내사전	6992	463	334	54	8	36	0
익산시	어양동제1투	1274	284	110	18	1	13	1408
익산시	어양동제2투	608	232	61	4	0	2	602
익산시	어양동제3투	720	225	72	12	1	5	596
익산시	어양동제4투	813	127	57	9	0	5	461
익산시	어양동제5투	676	143	61	9	1	6	432
익산시	관내사전	2811	198	113	25	5	80	0
익산시	팔봉동제1투	787	234	48	6	5	8	815
익산시	팔봉동제2투	268	62	13	1	0	0	236
익산시	관내사전	7427	458	317	43	6	27	0
익산시	삼성동제1투	756	173	84	9	0	5	635
익산시	삼성동제2투	539	111	29	8	0	7	538
익산시	삼성동제3투	665	237	69	8	0	8	741
익산시	삼성동제4투	1037	206	67	14	2	3	614
익산시	삼성동제5투	975	195	75	8	3	11	661
익산시	삼성동제6투	819	161	71	10	1	1	552
익산시	삼성동제7투	334	44	10	3	2	4	229
익산시	삼성동제8투	977	231	105	7	2	10	608
익산시	관외사전	892	122	124	6	6	17	177
