영월군	관내사전	3214	1801	290	47	5	36	0
영월군	영월읍제6투	73	203	10	1	2	1	150
영월군	관내사전	154	148	14	1	0	3	0
영월군	상동읍제1투	27	59	3	0	0	1	67
영월군	상동읍제2투	33	67	2	1	0	0	62
영월군	상동읍제3투	33	103	4	1	0	2	73
영월군	관내사전	166	167	19	7	0	0	0
영월군	산솔면제1투	82	221	7	4	0	5	151
영월군	산솔면제2투	66	195	5	2	1	1	124
영월군	관내사전	289	223	22	3	0	6	0
영월군	김삿갓면제1투	96	227	7	1	0	0	153
영월군	김삿갓면제2투	61	196	7	1	0	2	142
영월군	관내사전	220	179	25	3	0	4	0
영월군	북면제1투	64	200	14	0	0	0	161
영월군	북면제2투	91	203	8	0	0	4	134
영월군	북면제3투	76	148	13	3	0	1	117
영월군	관내사전	397	331	41	4	1	15	0
영월군	남면제2투	87	160	11	1	1	1	92
영월군	남면제3투	38	79	1	0	0	0	42
영월군	관내사전	276	189	21	3	2	3	0
영월군	한반도면제1투	101	261	14	1	1	1	208
영월군	관내사전	622	568	55	5	1	6	0
영월군	주천면제1투	201	510	38	7	1	5	481
영월군	주천면제2투	45	112	3	2	0	0	79
영월군	주천면제3투	135	273	17	2	0	0	136
영월군	관내사전	190	196	19	3	0	0	0
영월군	무릉도원면제1투	108	292	15	3	0	5	204
영월군	무릉도원면제2투	92	291	12	5	1	4	134
영월군	관외사전	98	58	12	4	3	1	43
