창원시마산회원구	내서읍제3투	443	862	113	14	6	14	526
창원시마산회원구	내서읍제6투	439	1027	74	16	0	12	490
창원시마산회원구	내서읍제8투	529	1129	106	27	1	12	735
창원시마산회원구	내서읍제9투	345	893	64	11	2	19	608
창원시마산회원구	내서읍제12투	865	1411	182	27	4	26	790
창원시마산회원구	관내사전	819	1087	86	13	2	13	0
창원시마산회원구	회원1동제3투	219	771	61	11	2	8	599
창원시마산회원구	관내사전	803	835	101	9	2	14	0
창원시마산회원구	회원2동제1투	260	851	54	12	2	12	582
창원시마산회원구	석전동제1투	173	455	36	12	3	3	261
창원시마산회원구	석전동제2투	714	1411	195	29	3	23	580
창원시마산회원구	석전동제3투	224	663	46	10	4	7	389
창원시마산회원구	관내사전	559	727	70	5	3	7	0
창원시마산회원구	회성동제1투	213	797	44	1	3	8	521
창원시마산회원구	회성동제3투	59	221	7	3	0	0	135
창원시마산회원구	관내사전	932	1053	131	13	1	15	0
창원시마산회원구	관내사전	2472	1881	337	49	5	34	0
창원시마산회원구	양덕2동제2투	521	1200	125	22	3	7	571
창원시마산회원구	양덕2동제4투	774	1234	202	36	5	18	565
창원시마산회원구	양덕2동제7투	767	1501	183	21	3	11	562
창원시마산회원구	관내사전	1054	994	147	21	3	22	0
창원시마산회원구	합성1동제1투	213	820	56	10	0	12	678
창원시마산회원구	관내사전	873	1038	165	16	1	12	0
창원시마산회원구	합성2동제1투	312	998	74	9	4	13	732
창원시마산회원구	합성2동제2투	471	1376	155	19	5	15	1101
창원시마산회원구	관내사전	742	751	82	25	1	12	0
창원시마산회원구	관내사전	720	632	99	15	2	12	0
창원시마산회원구	관내사전	476	339	68	10	1	11	0
