포항시북구	흥해읍제2투	120	736	27	6	0	3	353
포항시북구	흥해읍제3투	100	765	25	6	4	5	289
포항시북구	흥해읍제5투	161	795	46	11	1	7	430
포항시북구	흥해읍제7투	42	438	11	1	0	1	213
포항시북구	흥해읍제8투	543	1637	189	28	1	9	1039
포항시북구	흥해읍제11투	519	1283	116	21	5	5	601
포항시북구	흥해읍제12투	827	1823	294	23	0	15	920
포항시북구	흥해읍제13투	981	1884	264	46	2	15	1046
포항시북구	관내사전	165	356	23	7	2	5	0
포항시북구	신광면제1투	60	520	14	1	0	3	236
포항시북구	신광면제3투	38	373	9	0	0	1	168
포항시북구	관내사전	400	790	63	23	2	29	0
포항시북구	청하면제1투	112	820	38	4	1	6	494
포항시북구	청하면제2투	59	589	11	1	1	12	297
포항시북구	청하면제3투	35	248	10	1	0	5	123
포항시북구	관내사전	198	549	26	5	5	22	0
포항시북구	송라면투표소	76	802	22	4	1	4	466
포항시북구	관내사전	391	1105	55	10	0	20	0
포항시북구	기계면제1투	141	1104	32	6	3	13	558
포항시북구	기계면제2투	25	334	6	2	0	0	200
포항시북구	관내사전	127	484	31	3	2	8	0
포항시북구	죽장면제1투	53	737	9	4	0	9	391
포항시북구	죽장면제2투	35	299	9	1	2	2	101
포항시북구	관내사전	87	284	26	6	0	1	0
포항시북구	기북면투표소	67	478	12	3	1	5	217
포항시북구	관내사전	1079	1619	235	26	3	21	0
포항시북구	중앙동제1투	67	503	27	0	0	0	514
포항시북구	중앙동제2투	43	342	16	1	1	3	190
포항시북구	중앙동제3투	107	665	33	4	1	3	415
포항시북구	중앙동제7투	221	1084	78	8	1	6	384
포항시북구	관내사전	1364	1641	208	36	2	18	0
포항시북구	관내사전	1087	1959	204	23	4	7	0
포항시북구	죽도동제4투	255	1185	63	7	0	6	641
포항시북구	관내사전	971	1175	145	31	1	7	0
포항시북구	용흥동제2투	262	1098	45	11	0	6	563
포항시북구	용흥동제4투	232	1050	74	5	0	2	412
포항시북구	용흥동제6투	219	891	65	5	1	6	448
포항시북구	용흥동제7투	270	1106	76	16	1	6	567
포항시북구	관내사전	2145	2268	384	44	2	29	0
포항시북구	관내사전	1946	2332	334	38	6	29	0
포항시북구	두호동제5투	412	1419	116	13	1	10	573
포항시북구	장량동제2투	248	1201	58	10	1	7	546
포항시북구	장량동제6투	531	1571	147	13	3	17	565
포항시북구	장량동제7투	452	1463	172	22	1	13	1310
포항시북구	장량동제11투	478	1404	175	18	0	13	979
포항시북구	장량동제15투	558	1207	164	15	2	8	438
포항시북구	관내사전	800	845	140	27	1	13	0
포항시북구	관외사전	87	200	63	1	2	10	29
