보성군	관내사전	3406	227	113	26	3	20	0
보성군	보성읍제1투	155	43	10	3	1	1	172
보성군	보성읍제2투	300	72	14	3	2	3	329
보성군	보성읍제3투	348	73	20	3	1	4	274
보성군	보성읍제4투	87	21	5	2	0	1	75
보성군	보성읍제5투	263	67	8	5	0	3	255
보성군	관내사전	3703	212	77	21	5	14	0
보성군	벌교읍제1투	125	32	6	3	0	0	148
보성군	벌교읍제2투	210	43	6	0	0	2	207
보성군	벌교읍제3투	325	53	11	1	1	5	251
보성군	벌교읍제5투	216	38	4	2	1	2	121
보성군	벌교읍제6투	196	30	6	1	0	2	157
보성군	벌교읍제7투	88	18	0	0	0	1	64
보성군	벌교읍제9투	185	24	0	1	1	0	121
보성군	벌교읍제10투	106	0	1	0	0	1	44
보성군	관내사전	520	22	10	10	2	5	0
보성군	관내사전	577	31	17	3	0	2	0
보성군	관내사전	419	19	5	0	0	5	0
보성군	겸백면투표소	182	27	6	0	0	1	153
보성군	관내사전	469	33	9	5	3	4	0
보성군	율어면투표소	148	27	4	4	0	2	132
보성군	관내사전	724	44	14	5	2	4	0
보성군	관내사전	396	15	8	0	1	4	0
보성군	관내사전	1540	89	32	6	9	12	0
보성군	관내사전	1383	100	29	11	5	18	0
보성군	득량면제3투	154	23	4	1	0	1	131
보성군	관내사전	1093	60	24	6	4	7	0
보성군	회천면제1투	109	30	3	2	0	0	163
보성군	회천면제2투	250	27	5	4	0	0	127
보성군	관내사전	562	21	13	0	2	4	0
