포항시남구	관내사전	354	1227	54	8	3	14	0
포항시남구	구룡포읍제1투	115	1106	19	9	0	10	686
포항시남구	구룡포읍제2투	61	505	8	6	1	7	352
포항시남구	구룡포읍제3투	26	307	10	1	1	4	165
포항시남구	구룡포읍제4투	64	490	17	2	0	4	397
포항시남구	관내사전	1725	2120	303	34	4	29	0
포항시남구	연일읍제1투	162	775	31	7	1	8	525
포항시남구	연일읍제2투	290	1105	88	13	1	6	679
포항시남구	연일읍제3투	160	737	45	7	3	10	448
포항시남구	연일읍제4투	466	1369	78	18	1	14	837
포항시남구	연일읍제5투	407	1190	96	14	0	13	573
포항시남구	연일읍제6투	540	1382	175	19	0	9	562
포항시남구	연일읍제7투	594	1381	131	22	0	7	546
포항시남구	연일읍제8투	65	335	15	3	0	4	167
포항시남구	연일읍제9투	65	549	19	4	0	5	240
포항시남구	관내사전	3890	3698	693	68	13	68	0
포항시남구	오천읍제1투	513	1202	143	19	1	15	1139
포항시남구	오천읍제2투	200	966	68	7	1	5	656
포항시남구	오천읍제3투	131	546	23	4	0	7	291
포항시남구	오천읍제4투	112	442	27	4	0	1	298
포항시남구	오천읍제5투	210	920	50	10	0	9	604
포항시남구	오천읍제6투	145	514	26	7	0	2	347
포항시남구	오천읍제7투	215	1025	53	10	2	12	627
포항시남구	오천읍제8투	444	1289	129	24	1	9	817
포항시남구	오천읍제9투	386	948	100	19	3	9	1014
포항시남구	오천읍제10투	706	999	139	22	1	14	787
포항시남구	오천읍제11투	310	709	85	16	2	8	842
포항시남구	오천읍제12투	201	716	81	7	2	6	781
포항시남구	오천읍제13투	361	1009	98	11	3	8	759
포항시남구	오천읍제14투	469	1140	103	11	2	7	1125
포항시남구	오천읍제15투	527	1094	126	18	3	12	704
포항시남구	오천읍제16투	257	733	137	4	3	9	1209
포항시남구	오천읍제17투	485	1083	205	21	2	9	597
포항시남구	관내사전	304	568	40	3	1	5	0
포항시남구	대송면제1투	61	497	18	2	0	8	232
포항시남구	대송면제2투	61	439	20	5	1	3	220
포항시남구	대송면제3투	58	318	17	1	0	2	162
포항시남구	관내사전	728	1328	162	11	4	42	0
포항시남구	동해면제1투	176	802	43	8	1	5	513
포항시남구	동해면제2투	13	210	3	1	0	1	86
포항시남구	동해면제3투	77	286	16	3	0	2	158
포항시남구	동해면제4투	123	802	35	4	0	4	509
포항시남구	동해면제5투	227	924	62	9	3	7	534
포항시남구	관내사전	151	550	36	6	2	8	0
포항시남구	장기면제1투	53	445	11	1	2	5	341
포항시남구	장기면제2투	56	554	20	0	2	6	324
포항시남구	장기면제3투	40	404	10	0	0	5	234
포항시남구	관내사전	86	422	14	2	0	9	0
포항시남구	호미곶면투표소	54	565	11	4	0	7	323
포항시남구	관내사전	1306	2124	286	26	1	27	0
포항시남구	상대동제1투	203	1018	59	5	0	7	664
포항시남구	상대동제3투	169	998	58	16	1	5	548
포항시남구	상대동제4투	215	900	94	11	0	3	625
포항시남구	관내사전	867	1809	112	16	2	20	0
포항시남구	해도동제2투	86	579	11	4	0	5	297
포항시남구	해도동제4투	109	821	24	8	0	3	354
포항시남구	해도동제5투	78	441	15	4	1	3	298
포항시남구	해도동제6투	235	1194	39	7	2	4	687
포항시남구	해도동제7투	149	676	49	8	0	7	426
포항시남구	해도동제8투	142	697	35	8	0	2	467
포항시남구	관내사전	568	1480	87	6	3	12	0
포항시남구	송도동제1투	109	710	34	4	0	5	430
포항시남구	송도동제2투	116	719	34	3	1	3	427
포항시남구	송도동제3투	146	924	24	4	0	7	519
포항시남구	송도동제4투	180	1253	48	9	3	7	545
포항시남구	송도동제5투	101	783	24	6	0	2	414
포항시남구	관내사전	366	598	148	12	1	13	0
포항시남구	청림동제1투	71	352	59	3	0	4	206
포항시남구	청림동제2투	207	762	44	6	0	9	553
포항시남구	청림동제3투	96	433	33	7	0	2	236
포항시남구	관내사전	572	532	175	23	0	9	0
포항시남구	제철동투표소	168	697	63	10	1	8	467
포항시남구	관내사전	2774	1934	820	87	4	43	0
포항시남구	효곡동제1투	272	1022	119	10	1	7	564
포항시남구	효곡동제2투	404	901	126	18	0	9	456
포항시남구	관내사전	1713	1544	376	43	3	31	0
포항시남구	대이동제1투	219	637	72	6	0	4	338
포항시남구	대이동제3투	228	658	73	13	0	4	365
포항시남구	관외사전	374	319	103	14	3	18	144
