창원시의창구	관내사전	1809	1239	202	46	7	23	0
창원시의창구	동읍제1투	289	349	82	21	1	7	277
창원시의창구	동읍제2투	315	790	80	13	1	6	657
창원시의창구	동읍제3투	349	677	50	13	0	12	423
창원시의창구	동읍제4투	686	881	114	24	2	15	575
창원시의창구	동읍제5투	570	1087	115	33	4	9	873
창원시의창구	동읍제6투	147	563	34	5	1	7	343
창원시의창구	동읍제7투	142	516	27	8	0	2	330
창원시의창구	관내사전	3906	2210	531	90	6	39	0
창원시의창구	북면제3투	696	946	142	25	0	6	409
창원시의창구	북면제4투	660	940	167	19	3	23	639
창원시의창구	북면제5투	446	958	98	17	1	9	631
창원시의창구	북면제6투	687	765	152	24	4	11	590
창원시의창구	북면제7투	870	1098	188	26	1	21	720
창원시의창구	북면제9투	116	421	17	2	0	5	210
창원시의창구	북면제10투	580	853	172	26	1	21	672
창원시의창구	관내사전	830	589	88	11	1	13	0
창원시의창구	대산면제1투	204	554	29	7	2	6	393
창원시의창구	대산면제2투	363	836	67	16	3	12	882
창원시의창구	대산면제3투	173	355	25	12	0	2	278
창원시의창구	관내사전	2895	2421	414	65	5	40	0
창원시의창구	의창동제1투	223	825	58	7	0	6	485
창원시의창구	의창동제3투	512	974	121	13	1	13	621
창원시의창구	의창동제5투	462	1183	105	36	2	14	688
창원시의창구	의창동제7투	342	786	61	7	1	10	435
창원시의창구	의창동제8투	307	680	67	10	1	10	362
창원시의창구	의창동제10투	911	1499	249	23	4	8	482
창원시의창구	관내사전	2751	2028	474	59	5	35	0
창원시의창구	팔룡동제1투	388	972	109	17	1	11	647
창원시의창구	팔룡동제2투	310	804	97	22	2	14	799
창원시의창구	팔룡동제3투	491	1116	121	23	3	10	923
창원시의창구	팔룡동제4투	687	1027	201	39	3	18	691
창원시의창구	팔룡동제5투	874	1218	202	37	3	23	624
창원시의창구	팔룡동제6투	607	819	169	17	5	11	551
창원시의창구	관내사전	3830	2635	558	84	6	49	0
창원시의창구	명곡동제3투	615	1048	146	28	5	9	605
창원시의창구	명곡동제4투	381	757	93	19	2	7	711
창원시의창구	명곡동제5투	627	1416	213	24	1	12	546
창원시의창구	명곡동제6투	391	866	89	9	1	10	618
창원시의창구	명곡동제7투	380	1101	113	10	4	14	687
창원시의창구	명곡동제8투	369	940	104	18	1	14	693
창원시의창구	명곡동제9투	417	938	86	10	1	7	691
창원시의창구	명곡동제10투	361	772	75	15	2	12	513
창원시의창구	명곡동제11투	284	747	78	14	0	9	563
창원시의창구	관내사전	2411	1709	344	54	3	36	0
창원시의창구	봉림동제1투	496	1184	115	13	2	13	901
창원시의창구	봉림동제2투	486	1060	120	15	1	11	726
창원시의창구	봉림동제3투	388	928	108	14	2	8	761
창원시의창구	봉림동제4투	441	871	111	16	1	11	708
창원시의창구	봉림동제5투	633	1260	160	15	5	16	1011
창원시의창구	봉림동제6투	680	1663	290	18	1	19	1268
창원시의창구	봉림동제7투	475	1101	145	17	1	19	826
