전주시완산구	관내사전	3518	311	167	25	3	11	0
전주시완산구	중앙동제1투	420	109	40	4	1	3	388
전주시완산구	중앙동제2투	452	264	65	10	3	8	483
전주시완산구	중앙동제3투	753	212	98	11	2	7	585
전주시완산구	관내사전	2030	187	136	19	7	12	0
전주시완산구	풍남동제1투	305	123	18	6	0	1	325
전주시완산구	풍남동제2투	410	115	19	1	0	3	355
전주시완산구	관내사전	2522	178	90	15	5	12	0
전주시완산구	노송동제1투	421	135	33	6	0	2	372
전주시완산구	노송동제2투	134	47	8	1	0	2	174
전주시완산구	노송동제3투	701	127	66	11	2	7	425
전주시완산구	노송동제4투	475	91	23	5	2	4	386
전주시완산구	노송동제5투	360	80	24	3	3	2	354
전주시완산구	관내사전	1756	115	93	14	2	9	0
전주시완산구	완산동제1투	619	111	24	5	3	4	389
전주시완산구	완산동제2투	449	159	44	5	2	4	456
전주시완산구	관내사전	2174	164	113	29	4	9	0
전주시완산구	동서학동제1투	470	134	51	8	2	0	399
전주시완산구	동서학동제2투	211	37	19	4	0	2	224
전주시완산구	동서학동제3투	445	99	16	6	1	1	344
전주시완산구	관내사전	3087	219	94	21	3	16	0
전주시완산구	서서학동제1투	328	107	26	11	0	9	437
전주시완산구	서서학동제2투	581	109	40	12	1	14	500
전주시완산구	서서학동제3투	434	117	37	4	0	2	441
전주시완산구	관내사전	4486	318	251	33	4	27	1
전주시완산구	중화산1동제1투	732	271	86	14	1	4	877
전주시완산구	중화산1동제2투	801	281	88	13	1	6	705
전주시완산구	중화산1동제3투	784	256	69	7	3	6	526
전주시완산구	관내사전	4331	329	291	47	6	23	0
전주시완산구	중화산2동제1투	907	311	132	15	3	13	574
전주시완산구	중화산2동제2투	805	201	94	9	1	7	1210
전주시완산구	중화산2동제3투	989	246	107	14	3	11	853
전주시완산구	중화산2동제4투	721	182	62	7	1	5	545
전주시완산구	관내사전	4571	319	153	31	5	23	0
전주시완산구	평화1동제1투	618	174	40	15	1	1	709
전주시완산구	평화1동제2투	542	165	40	8	2	6	805
전주시완산구	평화1동제3투	845	205	82	6	3	7	632
전주시완산구	관내사전	9345	554	407	58	9	34	0
전주시완산구	평화2동제1투	584	189	55	11	2	5	567
전주시완산구	평화2동제2투	1014	258	84	9	2	7	740
전주시완산구	평화2동제3투	624	127	32	9	0	9	522
전주시완산구	평화2동제4투	1386	233	98	25	4	10	553
전주시완산구	평화2동제5투	452	56	22	6	0	1	243
전주시완산구	평화2동제6투	1261	248	98	14	1	9	563
전주시완산구	평화2동제8투	1516	253	85	20	1	12	725
전주시완산구	평화2동제9투	1593	270	112	23	4	11	607
전주시완산구	평화2동제10투	998	154	80	17	1	9	332
전주시완산구	관내사전	8578	546	444	64	5	42	5
전주시완산구	서신동제2투	536	127	75	4	1	9	609
전주시완산구	서신동제3투	421	139	53	8	0	5	284
전주시완산구	서신동제4투	1451	355	146	24	3	11	658
전주시완산구	서신동제5투	710	151	69	20	2	8	562
전주시완산구	서신동제6투	656	122	39	14	2	11	280
전주시완산구	서신동제8투	1187	264	116	16	3	14	496
전주시완산구	관내사전	3256	252	124	17	4	18	0
전주시완산구	삼천1동제1투	372	117	33	7	1	7	460
전주시완산구	삼천1동제3투	561	149	67	6	1	6	511
전주시완산구	관내사전	4055	259	149	19	4	17	0
전주시완산구	삼천2동제1투	473	122	45	9	0	10	554
전주시완산구	삼천2동제2투	422	82	33	12	0	3	385
전주시완산구	관내사전	6332	360	279	45	5	40	0
전주시완산구	삼천3동제1투	628	157	56	10	1	6	443
전주시완산구	삼천3동제3투	805	169	67	12	1	2	473
전주시완산구	삼천3동제4투	947	143	88	16	1	5	414
전주시완산구	삼천3동제5투	938	218	44	13	3	7	620
전주시완산구	관내사전	4261	350	146	28	4	25	0
전주시완산구	효자1동제2투	499	145	36	9	3	2	571
전주시완산구	관내사전	3357	242	183	25	6	24	0
전주시완산구	효자2동제2투	457	118	40	8	0	5	342
전주시완산구	효자2동제3투	511	191	73	9	2	6	591
전주시완산구	관내사전	5049	361	252	40	11	19	0
전주시완산구	효자3동제1투	464	188	58	6	0	8	409
전주시완산구	효자3동제3투	783	185	65	15	1	8	499
전주시완산구	효자3동제4투	761	152	63	14	1	4	397
전주시완산구	관내사전	6790	412	404	68	9	29	0
전주시완산구	효자4동제4투	768	184	67	15	2	4	449
전주시완산구	관내사전	7449	582	714	87	8	56	0
