안산시상록구	일동제1투	897	739	109	13	2	13	1474
안산시상록구	일동제4투	940	766	130	18	1	18	1146
안산시상록구	이동제6투	648	723	118	13	1	9	462
안산시상록구	사동제2투	808	866	175	20	2	9	1191
안산시상록구	사동제3투	490	532	121	7	3	10	952
안산시상록구	사동제6투	767	675	138	9	0	9	1128
안산시상록구	사동제7투	686	526	114	21	1	13	703
안산시상록구	사동제8투	465	509	106	10	2	5	541
안산시상록구	사이동제2투	695	877	151	13	0	10	691
안산시상록구	사이동제5투	892	552	133	19	3	16	898
안산시상록구	사이동제6투	1004	838	165	17	0	15	1153
안산시상록구	해양동제3투	814	1069	160	14	1	10	800
안산시상록구	본오1동제5투	995	793	135	18	3	21	1305
안산시상록구	본오1동제7투	777	587	125	15	2	10	1046
안산시상록구	본오2동제4투	780	653	127	20	1	13	519
안산시상록구	본오3동제1투	485	548	78	15	1	17	814
안산시상록구	본오3동제5투	500	522	90	14	3	7	308
