수원시영통구	매탄1동제1투	552	937	178	16	1	13	994
수원시영통구	매탄2동제2투	445	786	90	7	2	10	775
수원시영통구	매탄2동제3투	670	786	135	17	3	11	580
수원시영통구	매탄2동제4투	509	533	111	17	1	10	369
수원시영통구	매탄3동제7투	412	538	252	5	4	19	899
수원시영통구	매탄4동제2투	700	835	171	15	2	16	716
수원시영통구	매탄4동제4투	788	769	167	16	2	11	667
수원시영통구	원천동제2투	645	1149	255	17	6	16	1104
수원시영통구	원천동제4투	413	584	231	14	1	15	524
수원시영통구	원천동제6투	1033	1353	260	22	1	8	685
수원시영통구	광교1동제2투	994	967	287	30	2	11	496
수원시영통구	광교1동제8투	807	878	353	27	2	16	569
수원시영통구	광교2동제2투	731	883	105	12	1	6	678
수원시영통구	영통1동제1투	685	785	203	20	1	14	718
수원시영통구	영통1동제6투	838	905	209	27	3	19	588
수원시영통구	영통3동제3투	641	566	189	16	0	8	324
수원시영통구	영통3동제6투	654	564	232	12	0	13	443
