완주군	삼례읍제1투	653	173	56	14	1	9	772
완주군	삼례읍제2투	857	189	46	9	3	6	824
완주군	삼례읍제3투	672	119	45	12	0	12	561
완주군	봉동읍제1투	545	131	39	15	2	4	724
완주군	용진읍제1투	196	36	12	2	0	1	165
완주군	용진읍제2투	302	68	8	1	0	3	228
완주군	용진읍제4투	503	116	38	4	0	3	460
완주군	상관면제1투	416	119	15	10	1	1	507
완주군	상관면제2투	129	41	6	2	1	3	152
완주군	이서면제1투	662	172	55	13	0	8	654
완주군	이서면제2투	917	218	73	17	1	7	599
완주군	소양면제3투	215	67	8	0	0	3	193
완주군	구이면제1투	366	159	33	7	0	4	308
완주군	구이면제2투	348	67	8	3	1	2	242
완주군	구이면제3투	276	71	8	3	0	4	211
완주군	고산면제2투	242	38	8	3	1	5	159
완주군	비봉면투표소	283	47	9	5	1	0	263
완주군	동상면투표소	86	26	3	2	0	2	150
