나주시	세지면투표소	299	57	12	2	1	2	418
나주시	왕곡면제1투	141	32	6	2	4	1	174
나주시	왕곡면제2투	239	32	7	1	1	1	191
나주시	공산면투표소	308	40	11	5	0	1	302
나주시	노안면제1투	145	26	5	1	1	3	154
나주시	노안면제2투	298	35	4	1	1	3	190
나주시	금천면제2투	198	21	9	0	0	2	145
나주시	금천면제3투	194	28	7	2	0	3	219
나주시	산포면제1투	339	37	8	3	0	4	309
나주시	산포면제3투	230	15	4	1	0	2	119
나주시	봉황면제1투	413	46	22	3	3	5	394
나주시	봉황면제2투	189	11	2	2	0	2	189
나주시	금남동제1투	298	69	14	1	0	3	285
나주시	금남동제2투	168	36	6	1	2	5	184
나주시	금남동제3투	217	41	17	1	1	3	273
나주시	성북동제1투	186	45	9	2	0	2	255
나주시	영산동제2투	261	34	6	4	0	4	322
