서대문구	연희동제1투	450	846	131	34	1	20	1049
서대문구	연희동제3투	488	752	141	42	2	15	744
서대문구	연희동제4투	331	324	45	14	1	6	347
서대문구	연희동제6투	574	749	109	25	7	7	653
서대문구	홍제제1동제1투	540	634	106	23	2	5	623
서대문구	홍제제1동제4투	551	546	79	17	0	10	566
서대문구	홍제제3동제3투	485	627	132	20	3	13	606
서대문구	홍은제2동제5투	534	719	114	23	0	19	990
서대문구	홍은제2동제6투	839	1029	178	33	2	18	921
서대문구	남가좌제1동제2투	568	709	132	22	1	7	422
서대문구	남가좌제2동제1투	383	629	119	23	4	13	735
서대문구	남가좌제2동제2투	498	616	95	13	1	9	634
서대문구	남가좌제2동제3투	502	876	148	21	3	12	559
서대문구	북가좌제2동제6투	673	741	156	28	3	12	966
