나주시	남평읍제1투	562	56	21	7	0	4	513
나주시	남평읍제2투	1287	214	85	21	1	4	960
나주시	남평읍제3투	206	18	6	0	0	2	99
나주시	세지면투표소	299	57	12	2	1	2	418
나주시	왕곡면제1투	141	32	6	2	4	1	174
나주시	왕곡면제2투	239	32	7	1	1	1	191
나주시	반남면투표소	206	35	7	2	1	3	182
나주시	공산면투표소	308	40	11	5	0	1	302
나주시	관내사전	1025	41	17	5	3	6	0
나주시	동강면투표소	288	56	9	6	2	2	342
나주시	다시면투표소	367	102	18	3	3	5	462
나주시	관내사전	657	29	9	4	1	4	0
나주시	문평면투표소	228	38	8	3	1	2	260
나주시	노안면제1투	145	26	5	1	1	3	154
나주시	노안면제2투	298	35	4	1	1	3	190
나주시	노안면제3투	346	33	8	5	0	8	342
나주시	금천면제1투	622	163	51	7	2	5	615
나주시	금천면제2투	198	21	9	0	0	2	145
나주시	금천면제3투	194	28	7	2	0	3	219
나주시	산포면제1투	339	37	8	3	0	4	309
나주시	산포면제2투	69	13	2	0	1	2	34
나주시	산포면제3투	230	15	4	1	0	2	119
나주시	다도면투표소	206	34	6	1	0	2	279
나주시	봉황면제1투	413	46	22	3	3	5	394
나주시	봉황면제2투	189	11	2	2	0	2	189
나주시	송월동제1투	940	185	125	17	1	6	719
나주시	송월동제2투	355	94	27	3	0	5	402
나주시	송월동제3투	528	102	31	5	2	7	345
나주시	영강동투표소	328	76	30	2	1	4	411
나주시	금남동제1투	298	69	14	1	0	3	285
나주시	금남동제2투	168	36	6	1	2	5	184
나주시	금남동제3투	217	41	17	1	1	3	273
나주시	성북동제1투	186	45	9	2	0	2	255
나주시	성북동제2투	300	73	29	3	0	3	316
나주시	성북동제3투	1039	185	66	17	2	6	541
나주시	영산동제1투	155	26	8	1	1	2	196
나주시	영산동제2투	261	34	6	4	0	4	322
나주시	이창동투표소	451	74	25	6	1	1	584
나주시	빛가람동제1투	951	302	166	21	1	9	695
나주시	빛가람동제2투	1651	297	189	27	1	11	655
나주시	빛가람동제3투	720	221	88	9	0	5	555
나주시	빛가람동제4투	1397	261	136	15	1	8	718
나주시	빛가람동제5투	838	191	64	13	1	5	482
나주시	빛가람동제6투	1076	208	97	10	0	5	677
