전주시덕진구	진북동제1투	508	109	21	8	0	6	562
전주시덕진구	진북동제2투	736	232	71	13	2	4	740
전주시덕진구	진북동제3투	627	140	38	5	1	2	362
전주시덕진구	진북동제4투	573	206	56	6	0	5	416
전주시덕진구	인후1동제1투	666	194	71	8	4	10	763
전주시덕진구	인후1동제2투	726	160	52	20	2	9	512
전주시덕진구	인후1동제3투	860	212	75	16	1	7	509
전주시덕진구	인후1동제4투	911	263	108	23	4	13	524
전주시덕진구	인후2동제1투	589	145	39	7	0	6	424
전주시덕진구	인후2동제2투	299	86	24	4	2	0	403
전주시덕진구	인후2동제3투	583	129	50	6	0	5	554
전주시덕진구	인후2동제4투	775	199	87	7	0	3	480
전주시덕진구	인후3동제1투	605	170	73	13	0	13	995
전주시덕진구	인후3동제2투	725	165	68	15	0	3	647
전주시덕진구	인후3동제3투	874	176	80	12	3	12	670
전주시덕진구	인후3동제4투	952	204	65	12	1	6	465
전주시덕진구	인후3동제5투	1141	198	108	13	0	12	611
전주시덕진구	인후3동제6투	1119	157	81	18	1	8	627
전주시덕진구	인후3동제7투	534	181	51	7	2	2	927
전주시덕진구	덕진동제1투	590	295	157	9	2	22	774
전주시덕진구	덕진동제2투	695	201	80	11	1	9	562
전주시덕진구	덕진동제3투	868	212	97	10	2	7	672
전주시덕진구	덕진동제4투	1081	221	110	25	0	10	774
전주시덕진구	덕진동제5투	1605	239	130	21	0	18	497
전주시덕진구	금암동제1투	728	251	174	19	1	9	775
전주시덕진구	금암동제2투	805	353	241	20	2	16	843
전주시덕진구	금암동제3투	433	114	36	10	1	2	510
전주시덕진구	금암동제4투	703	214	76	15	0	1	537
전주시덕진구	금암동제5투	416	183	79	9	3	2	536
전주시덕진구	팔복동제1투	394	119	38	7	0	2	517
전주시덕진구	팔복동제2투	824	133	47	9	3	5	593
전주시덕진구	팔복동제3투	288	100	65	3	0	2	318
전주시덕진구	우아1동제1투	562	201	51	8	1	4	599
전주시덕진구	우아1동제2투	1053	241	105	14	2	6	602
전주시덕진구	우아1동제3투	422	132	70	6	1	4	618
전주시덕진구	우아2동제1투	715	159	44	12	2	9	414
전주시덕진구	우아2동제2투	700	177	64	9	1	11	1024
전주시덕진구	우아2동제3투	231	37	10	1	3	1	121
전주시덕진구	우아2동제4투	943	221	74	6	1	7	1212
전주시덕진구	호성동제1투	296	56	18	1	1	4	212
전주시덕진구	호성동제2투	1478	301	112	20	2	11	764
전주시덕진구	호성동제3투	1361	239	81	16	1	8	735
전주시덕진구	호성동제4투	993	314	101	9	3	5	527
전주시덕진구	송천1동제1투	923	223	88	18	3	7	551
전주시덕진구	송천1동제2투	966	188	75	12	2	9	524
전주시덕진구	송천1동제3투	1000	219	93	11	2	10	614
전주시덕진구	송천1동제4투	1150	242	96	15	1	14	502
전주시덕진구	송천1동제5투	1329	201	131	19	3	10	379
전주시덕진구	송천1동제6투	1435	266	143	23	0	13	524
전주시덕진구	송천1동제7투	1232	236	113	13	3	6	573
전주시덕진구	송천1동제9투	1684	356	213	24	4	13	727
전주시덕진구	송천1동제10투	1339	273	130	21	0	4	574
전주시덕진구	송천1동제12투	1576	289	179	21	1	7	539
전주시덕진구	송천2동제1투	697	133	70	10	0	4	528
전주시덕진구	송천2동제2투	913	173	65	12	2	6	373
전주시덕진구	송천2동제3투	601	169	47	9	1	7	397
전주시덕진구	송천2동제4투	728	177	52	10	0	5	443
전주시덕진구	송천2동제5투	1311	312	119	20	2	13	603
전주시덕진구	송천2동제6투	628	106	45	15	1	7	370
전주시덕진구	관내사전	4423	257	199	34	8	18	0
전주시덕진구	조촌동제1투	783	186	80	9	1	12	664
전주시덕진구	조촌동제2투	1154	245	98	19	1	9	853
전주시덕진구	조촌동제3투	368	61	21	5	0	3	295
전주시덕진구	여의동제1투	646	199	79	14	1	7	646
전주시덕진구	여의동제3투	1018	189	84	14	3	10	692
전주시덕진구	여의동제4투	532	99	39	13	0	5	213
전주시덕진구	여의동제5투	469	105	53	9	1	4	167
전주시덕진구	혁신동제1투	1396	413	169	28	7	16	701
전주시덕진구	혁신동제2투	937	233	110	14	1	7	590
전주시덕진구	혁신동제3투	1091	220	91	29	0	9	343
전주시덕진구	혁신동제4투	1337	326	175	12	1	13	521
전주시덕진구	혁신동제5투	1561	283	165	24	2	10	497
전주시덕진구	혁신동제6투	1047	208	99	21	1	7	388
전주시덕진구	관외사전	356	62	68	5	3	14	31
