수원시권선구	관내사전	1540	644	221	20	1	16	0
수원시권선구	세류1동제1투	432	557	110	4	0	11	325
수원시권선구	세류1동제2투	461	596	114	17	4	19	700
수원시권선구	세류1동제3투	665	825	162	16	2	14	574
수원시권선구	관내사전	2286	936	237	30	3	17	0
수원시권선구	세류2동제1투	544	736	105	17	2	10	1099
수원시권선구	세류2동제2투	556	713	109	13	0	11	709
수원시권선구	세류2동제3투	524	673	136	14	2	15	1101
수원시권선구	세류2동제4투	696	780	117	18	1	11	1180
수원시권선구	세류2동제5투	661	819	129	17	2	18	959
수원시권선구	관내사전	2192	982	206	26	1	16	0
수원시권선구	세류3동제1투	662	987	108	12	1	9	1112
수원시권선구	세류3동제2투	536	602	91	12	3	9	976
수원시권선구	세류3동제3투	774	867	132	21	3	14	1033
수원시권선구	세류3동제4투	688	844	116	16	2	14	1378
수원시권선구	관내사전	3816	1365	489	51	3	41	0
수원시권선구	평동제1투	319	561	89	6	1	6	576
수원시권선구	평동제2투	982	1325	254	26	2	15	1407
수원시권선구	평동제3투	667	648	156	5	0	11	783
수원시권선구	평동제4투	1027	1056	266	35	3	21	1007
수원시권선구	평동제5투	1106	1025	163	23	1	19	1054
수원시권선구	평동제6투	824	933	169	21	0	18	667
수원시권선구	평동제7투	1174	1049	191	20	2	13	719
수원시권선구	관내사전	3177	1081	278	40	2	24	0
수원시권선구	서둔동제1투	583	738	110	15	3	12	752
수원시권선구	서둔동제2투	459	527	78	9	1	6	550
수원시권선구	서둔동제3투	867	1039	193	21	1	17	1141
수원시권선구	서둔동제4투	400	522	81	9	1	14	675
수원시권선구	서둔동제6투	970	994	144	15	3	14	1081
수원시권선구	서둔동제7투	785	893	267	28	2	21	562
수원시권선구	서둔동제8투	933	883	167	17	2	11	1202
수원시권선구	서둔동제9투	967	865	180	23	1	26	1382
수원시권선구	관내사전	2896	1044	303	38	4	19	0
수원시권선구	구운동제1투	514	572	133	13	4	8	752
수원시권선구	구운동제2투	718	1034	166	14	3	7	598
수원시권선구	구운동제3투	447	681	87	12	0	16	612
수원시권선구	구운동제4투	762	886	146	26	0	16	757
수원시권선구	구운동제5투	900	959	177	22	0	16	574
수원시권선구	구운동제6투	498	620	78	8	4	6	968
수원시권선구	금곡동제1투	963	1101	218	22	3	25	1331
수원시권선구	금곡동제2투	836	791	198	22	0	9	513
수원시권선구	금곡동제3투	1096	1185	252	27	1	18	1272
수원시권선구	금곡동제4투	836	914	167	25	1	8	604
수원시권선구	금곡동제6투	797	785	159	18	1	12	764
수원시권선구	금곡동제7투	996	652	159	22	2	11	485
수원시권선구	금곡동제8투	775	761	106	16	1	5	655
수원시권선구	금곡동제9투	985	767	184	22	2	9	479
수원시권선구	호매실동제1투	624	807	130	11	2	8	845
수원시권선구	호매실동제2투	752	786	149	17	2	9	633
수원시권선구	호매실동제3투	753	521	113	14	2	7	627
수원시권선구	호매실동제5투	1255	966	180	22	1	16	957
수원시권선구	호매실동제6투	1081	812	200	19	1	12	857
수원시권선구	호매실동제7투	1324	1092	260	22	1	19	1149
수원시권선구	호매실동제8투	761	565	133	18	0	3	445
수원시권선구	관내사전	2252	837	346	32	6	20	0
수원시권선구	권선1동제1투	531	829	135	10	1	13	620
수원시권선구	권선1동제2투	695	1009	268	18	3	10	1362
수원시권선구	권선1동제3투	682	1083	251	14	1	10	1523
수원시권선구	권선2동제3투	499	665	106	12	1	6	442
수원시권선구	권선2동제4투	477	583	95	10	1	12	573
수원시권선구	권선2동제7투	932	1076	191	21	0	11	632
수원시권선구	권선2동제8투	882	1097	221	23	1	12	633
수원시권선구	권선2동제9투	1009	1005	190	18	3	19	546
수원시권선구	권선2동제11투	952	876	203	18	0	14	542
수원시권선구	관내사전	4020	1202	483	40	6	34	0
수원시권선구	곡선동제2투	922	958	193	21	4	17	488
수원시권선구	곡선동제3투	434	443	93	10	0	10	1091
수원시권선구	곡선동제4투	904	801	195	21	3	21	552
수원시권선구	곡선동제5투	456	579	179	8	0	14	1577
수원시권선구	곡선동제6투	500	551	138	13	2	8	1620
수원시권선구	곡선동제8투	756	728	209	18	0	10	394
수원시권선구	곡선동제9투	967	922	228	29	1	15	522
수원시권선구	관내사전	2050	558	179	24	2	14	0
수원시권선구	입북동제1투	569	666	129	10	2	8	506
수원시권선구	입북동제2투	1522	1218	343	36	1	28	1038
수원시권선구	입북동제3투	1089	970	256	23	5	24	857
수원시권선구	입북동제4투	811	719	145	16	1	11	360
