청주시서원구	관내사전	905	567	79	9	2	7	0
청주시서원구	남이면제1투	281	747	42	8	3	6	794
청주시서원구	남이면제2투	206	311	30	5	2	2	280
청주시서원구	남이면제3투	255	547	65	5	0	7	392
청주시서원구	남이면제4투	746	670	128	22	1	7	392
청주시서원구	관내사전	325	292	31	5	0	5	0
청주시서원구	현도면제1투	179	477	20	5	1	7	353
청주시서원구	현도면제2투	116	267	14	6	0	2	367
청주시서원구	관내사전	449	239	47	6	0	3	0
청주시서원구	관내사전	732	379	112	16	2	9	0
청주시서원구	사직제2동제1투	178	358	44	7	2	5	436
청주시서원구	사창동제2투	483	854	126	15	0	14	764
청주시서원구	관내사전	1238	714	260	26	2	18	0
청주시서원구	모충동제1투	385	639	89	13	2	7	693
청주시서원구	모충동제3투	759	1003	146	15	2	11	945
청주시서원구	모충동제4투	360	805	110	11	2	7	864
청주시서원구	관내사전	2979	972	300	54	4	29	0
청주시서원구	관내사전	1481	775	185	34	3	19	0
청주시서원구	관내사전	2141	1262	238	36	1	27	0
청주시서원구	수곡제2동제1투	556	905	97	16	6	10	889
청주시서원구	수곡제2동제2투	418	755	86	14	2	11	734
청주시서원구	수곡제2동제4투	610	625	135	20	0	6	268
청주시서원구	관내사전	3827	1613	470	56	4	32	0
청주시서원구	관외사전	431	179	120	9	3	23	137
