고양시일산동구	중산1동제4투	528	773	116	17	0	14	808
고양시일산동구	중산1동제5투	543	854	109	16	2	10	809
고양시일산동구	중산2동제3투	1161	1128	178	23	0	18	1035
고양시일산동구	정발산동제2투	486	726	114	20	1	15	661
고양시일산동구	정발산동제3투	613	815	121	18	1	20	772
고양시일산동구	정발산동제5투	519	765	122	18	3	15	705
고양시일산동구	정발산동제6투	577	950	128	28	2	7	711
고양시일산동구	풍산동제8투	828	967	119	25	3	6	829
고양시일산동구	백석1동제1투	424	550	85	13	1	6	578
고양시일산동구	백석1동제2투	754	772	146	13	2	15	587
고양시일산동구	백석1동제5투	624	785	157	16	0	19	889
고양시일산동구	백석2동제1투	565	768	124	13	0	9	780
고양시일산동구	백석2동제2투	660	763	104	13	0	17	802
고양시일산동구	마두1동제3투	756	875	124	22	0	13	829
고양시일산동구	마두1동제5투	529	832	108	24	1	6	661
고양시일산동구	마두2동제1투	512	932	164	30	1	18	521
고양시일산동구	관내사전	1040	341	106	8	0	7	0
고양시일산동구	장항1동제1투	153	416	27	4	0	3	340
고양시일산동구	장항1동제3투	468	552	122	12	0	11	456
고양시일산동구	장항1동제4투	1197	821	339	26	2	28	605
고양시일산동구	장항2동제2투	603	1106	137	22	0	9	528
고양시일산동구	장항2동제5투	795	892	188	21	6	17	2040
고양시일산동구	관내사전	1738	731	110	18	6	12	0
고양시일산동구	관외사전	176	131	85	4	3	15	21
