창원시진해구	관내사전	1465	1083	436	25	10	56	0
창원시진해구	충무동제2투	515	1101	223	18	3	20	1043
창원시진해구	충무동제4투	355	840	67	4	1	18	438
창원시진해구	관내사전	814	865	133	12	1	19	0
창원시진해구	여좌동제1투	137	461	28	4	1	3	296
창원시진해구	여좌동제2투	249	844	58	9	0	6	600
창원시진해구	관내사전	487	528	58	3	0	4	0
창원시진해구	태백동제1투	227	792	52	7	1	7	584
창원시진해구	태백동제2투	86	270	28	3	0	2	188
창원시진해구	관내사전	1176	921	160	23	1	19	0
창원시진해구	경화동제1투	290	923	59	11	0	9	780
창원시진해구	관내사전	885	690	118	30	4	9	0
창원시진해구	병암동제1투	386	817	68	6	0	11	564
창원시진해구	관내사전	1833	1107	281	29	1	30	0
창원시진해구	관내사전	757	674	92	18	1	8	0
창원시진해구	관내사전	1820	1224	224	38	4	14	0
창원시진해구	관내사전	1048	804	156	17	4	13	0
창원시진해구	관내사전	1402	977	174	16	2	19	0
창원시진해구	관내사전	975	625	131	6	3	14	0
