포항시남구	관내사전	354	1227	54	8	3	14	0
포항시남구	구룡포읍제2투	61	505	8	6	1	7	352
포항시남구	구룡포읍제4투	64	490	17	2	0	4	397
포항시남구	연일읍제7투	594	1381	131	22	0	7	546
포항시남구	오천읍제8투	444	1289	129	24	1	9	817
포항시남구	오천읍제17투	485	1083	205	21	2	9	597
포항시남구	관내사전	304	568	40	3	1	5	0
포항시남구	관내사전	728	1328	162	11	4	42	0
포항시남구	장기면제3투	40	404	10	0	0	5	234
포항시남구	관내사전	86	422	14	2	0	9	0
포항시남구	관내사전	1306	2124	286	26	1	27	0
포항시남구	관내사전	867	1809	112	16	2	20	0
포항시남구	관내사전	366	598	148	12	1	13	0
포항시남구	청림동제3투	96	433	33	7	0	2	236
포항시남구	관내사전	572	532	175	23	0	9	0
포항시남구	관외사전	374	319	103	14	3	18	144
