성남시중원구	성남동제1투	583	670	127	17	1	11	1018
성남시중원구	성남동제3투	780	817	153	17	1	13	681
성남시중원구	성남동제6투	982	957	174	15	4	15	1001
성남시중원구	관내사전	2271	756	181	13	2	12	0
성남시중원구	관내사전	3135	940	336	32	3	33	0
성남시중원구	금광1동제2투	1091	853	191	14	1	12	746
성남시중원구	금광1동제3투	507	462	82	7	1	12	460
성남시중원구	금광1동제4투	989	836	179	19	0	17	598
성남시중원구	관내사전	3385	1083	278	29	3	30	0
성남시중원구	관내사전	1735	527	154	18	4	20	0
성남시중원구	관내사전	3330	1025	212	34	6	27	0
성남시중원구	상대원1동제2투	834	662	116	16	1	7	1137
성남시중원구	상대원1동제3투	426	405	47	11	1	4	625
성남시중원구	상대원1동제6투	384	369	75	8	2	6	397
성남시중원구	관내사전	899	257	51	8	1	7	0
성남시중원구	관내사전	2524	762	137	18	0	16	0
성남시중원구	관내사전	3214	1174	250	26	8	28	0
성남시중원구	하대원동제3투	875	893	117	16	4	9	702
성남시중원구	도촌동제3투	733	787	135	18	2	10	788
성남시중원구	도촌동제6투	502	401	42	4	0	9	277
