부안군	관내사전	806	65	13	6	1	10	0
부안군	관내사전	875	80	19	5	0	6	0
부안군	관내사전	977	46	19	1	3	9	0
부안군	계화면제3투	163	17	0	0	2	2	76
부안군	관내사전	830	81	25	3	2	3	0
부안군	관내사전	1347	102	48	5	3	7	0
부안군	변산면제1투	247	74	8	3	1	0	321
부안군	변산면제2투	641	101	24	3	3	2	382
부안군	관내사전	953	58	16	8	4	1	0
부안군	관내사전	1042	97	23	8	4	7	0
부안군	백산면투표소	318	88	13	1	2	5	410
부안군	관내사전	780	59	29	3	1	3	0
부안군	상서면투표소	248	55	10	1	1	3	365
부안군	관내사전	1049	73	24	7	2	5	0
부안군	하서면투표소	364	69	9	5	2	3	426
부안군	관내사전	1105	80	21	3	2	8	0
부안군	줄포면투표소	375	80	12	5	0	2	426
부안군	관내사전	378	21	11	3	2	6	0
부안군	위도면제1투	96	27	4	0	0	1	130
부안군	위도면제2투	69	4	0	0	0	0	27
부안군	관외사전	224	28	22	1	2	6	32
