함평군	관내사전	3452	172	113	20	11	40	-1
함평군	함평읍제1투	266	45	20	1	1	4	205
함평군	함평읍제2투	202	34	8	3	0	4	230
함평군	함평읍제3투	139	21	2	4	1	2	118
함평군	함평읍제4투	421	73	29	3	1	3	430
함평군	함평읍제5투	247	28	13	5	1	2	165
함평군	관내사전	1261	52	31	6	5	14	0
함평군	손불면제1투	242	49	10	3	0	6	287
함평군	손불면제2투	198	26	4	1	0	2	158
함평군	관내사전	699	32	12	3	5	4	0
함평군	신광면제1투	193	20	7	4	5	1	151
함평군	신광면제2투	87	10	2	1	0	2	52
함평군	관내사전	1202	52	16	5	8	9	0
함평군	학교면제1투	122	14	4	0	0	2	124
함평군	학교면제2투	170	11	4	1	0	2	66
함평군	학교면제3투	74	4	5	1	0	0	43
함평군	학교면제4투	222	45	14	3	0	2	282
함평군	관내사전	757	33	16	1	1	7	0
함평군	엄다면투표소	249	52	12	3	2	4	212
함평군	관내사전	1147	77	33	7	2	7	0
함평군	대동면제1투	263	51	13	2	2	2	301
함평군	대동면제2투	243	35	6	0	1	6	157
함평군	관내사전	1012	57	20	6	5	23	1
함평군	나산면제1투	261	70	5	2	0	2	291
함평군	나산면제2투	117	10	2	2	0	0	83
함평군	관내사전	1107	43	22	4	5	9	0
함평군	해보면제1투	158	22	3	1	0	2	174
함평군	해보면제2투	172	26	4	3	1	2	189
함평군	관내사전	1399	46	21	2	2	5	0
함평군	월야면제1투	244	30	3	2	1	4	229
함평군	월야면제2투	103	4	1	1	1	0	73
함평군	월야면제3투	235	31	4	2	1	2	180
함평군	관외사전	3864	309	254	23	8	40	44
