용인시처인구	포곡읍제1투	557	720	92	17	2	10	1057
용인시처인구	포곡읍제2투	400	449	56	5	3	5	350
용인시처인구	관내사전	3298	1214	323	29	2	23	0
용인시처인구	모현읍제1투	857	833	145	11	2	10	1049
용인시처인구	모현읍제2투	319	636	46	6	0	6	581
용인시처인구	관내사전	2472	945	228	31	1	17	0
용인시처인구	관내사전	1697	731	147	14	0	14	0
용인시처인구	관내사전	1137	650	118	11	2	23	0
용인시처인구	원삼면제1투	171	607	24	3	0	3	545
용인시처인구	관내사전	1306	840	168	16	1	22	0
용인시처인구	관내사전	2837	1265	299	38	5	41	0
용인시처인구	관내사전	3793	1832	529	43	11	38	0
용인시처인구	역북동제1투	379	524	139	12	2	9	719
용인시처인구	관내사전	1467	567	163	25	4	18	0
용인시처인구	삼가동제1투	611	857	138	13	1	7	650
용인시처인구	동부동제1투	614	946	135	8	6	6	1096
