청주시흥덕구	관내사전	4110	1511	666	63	6	59	0
청주시흥덕구	관내사전	2226	981	348	40	8	33	0
청주시흥덕구	옥산면제1투	288	461	44	6	0	2	540
청주시흥덕구	옥산면제2투	676	937	84	19	4	20	1168
청주시흥덕구	옥산면제3투	693	618	128	30	0	9	599
청주시흥덕구	옥산면제4투	1289	1070	247	25	4	16	966
청주시흥덕구	관내사전	1401	610	128	18	1	18	0
청주시흥덕구	운천·신봉동제1투	352	620	64	9	0	7	628
청주시흥덕구	운천·신봉동제2투	755	932	140	23	1	8	900
청주시흥덕구	운천·신봉동제3투	443	761	90	12	0	13	718
청주시흥덕구	운천·신봉동제4투	780	922	112	17	2	15	757
청주시흥덕구	복대제1동제1투	521	588	138	16	0	10	928
청주시흥덕구	복대제1동제10투	1119	1412	311	23	2	14	860
청주시흥덕구	관내사전	1575	813	272	25	3	26	0
청주시흥덕구	관내사전	4247	1654	494	53	7	37	0
청주시흥덕구	관내사전	1531	730	245	21	2	18	0
청주시흥덕구	관내사전	2473	1133	390	40	4	35	1
청주시흥덕구	관내사전	3797	1583	598	60	6	39	0
청주시흥덕구	관내사전	2259	769	465	25	8	40	0
청주시흥덕구	강서제2동제1투	427	841	195	13	2	9	850
