여수시	돌산읍제2투	602	69	5	2	5	3	331
여수시	돌산읍제3투	396	39	9	6	2	2	252
여수시	돌산읍제4투	405	50	5	2	0	2	282
여수시	돌산읍제5투	1449	219	57	6	0	10	936
여수시	소라면제1투	299	66	15	3	1	5	314
여수시	소라면제4투	245	41	7	0	0	2	211
여수시	율촌면제1투	548	92	27	8	1	3	646
여수시	율촌면제2투	213	59	6	1	2	4	178
여수시	율촌면제3투	259	37	8	3	1	2	195
여수시	율촌면제4투	91	10	0	0	1	0	28
여수시	화양면제1투	469	89	24	5	2	11	575
여수시	화양면제3투	269	35	10	2	0	1	299
여수시	남면제2투	63	2	2	0	0	2	25
여수시	화정면제1투	37	4	1	0	0	2	24
여수시	화정면제2투	271	13	2	0	4	2	89
여수시	화정면제3투	47	4	0	0	0	0	47
여수시	화정면제4투	33	0	1	0	0	1	5
여수시	화정면제8투	91	4	0	0	0	0	34
여수시	화정면제10투	19	1	0	0	0	0	6
여수시	동문동제1투	366	85	15	2	2	2	327
여수시	동문동제2투	166	42	3	3	0	2	199
여수시	동문동제3투	180	34	5	2	0	0	142
여수시	한려동제1투	206	47	14	2	0	4	188
여수시	한려동제2투	240	58	14	3	0	3	286
여수시	중앙동제1투	310	58	21	6	0	4	340
여수시	중앙동제2투	288	60	13	3	1	0	348
여수시	충무동제1투	235	36	9	1	0	0	314
여수시	충무동제2투	431	43	18	2	0	2	364
여수시	광림동제1투	341	61	9	2	2	2	402
여수시	광림동제2투	288	51	5	1	0	2	227
여수시	광림동제3투	591	97	28	9	1	2	397
여수시	서강동제1투	294	53	15	1	1	1	358
여수시	서강동제2투	413	82	30	5	0	3	338
여수시	대교동제1투	595	101	25	2	0	3	705
여수시	대교동제2투	349	27	10	5	1	5	223
여수시	국동제1투	242	62	20	5	1	1	317
여수시	국동제2투	326	60	11	2	0	1	423
여수시	국동제3투	755	106	36	8	1	4	550
여수시	국동제4투	681	79	34	7	4	4	418
여수시	월호동제1투	568	143	36	1	0	3	544
여수시	월호동제2투	534	106	34	4	0	4	342
여수시	월호동제3투	213	24	7	0	0	3	80
여수시	월호동제4투	37	1	0	0	0	0	11
여수시	여서동제1투	468	109	36	6	2	1	603
여수시	여서동제2투	665	130	38	6	2	5	361
여수시	여서동제3투	745	142	36	3	0	1	353
여수시	여서동제4투	655	83	21	10	2	5	366
여수시	여서동제5투	901	131	52	16	0	3	294
여수시	여서동제6투	524	80	24	5	2	4	389
여수시	문수동제1투	423	49	14	5	0	1	149
여수시	문수동제2투	683	95	30	3	1	4	412
여수시	문수동제3투	750	173	67	13	0	6	788
여수시	문수동제4투	962	121	51	9	0	6	363
여수시	문수동제5투	667	111	22	2	2	7	445
여수시	미평동제1투	568	195	67	14	1	9	562
여수시	미평동제2투	642	133	34	3	1	7	525
여수시	미평동제4투	456	121	39	7	0	1	264
여수시	둔덕동제1투	328	94	28	6	0	3	377
여수시	둔덕동제2투	710	160	48	9	0	4	557
여수시	둔덕동제3투	656	108	51	6	0	2	385
여수시	만덕동제1투	872	134	47	11	1	5	525
여수시	만덕동제2투	805	231	91	19	0	6	581
여수시	만덕동제3투	299	31	11	3	2	3	195
여수시	쌍봉동제1투	371	121	59	6	1	4	465
여수시	쌍봉동제2투	904	242	90	6	1	5	792
여수시	쌍봉동제3투	852	219	68	14	1	14	512
여수시	쌍봉동제4투	766	193	82	7	3	3	338
여수시	쌍봉동제6투	744	146	50	6	0	4	403
여수시	쌍봉동제7투	1209	214	90	17	0	4	538
여수시	쌍봉동제8투	1183	222	102	13	0	10	471
여수시	시전동제1투	640	112	60	6	0	2	390
여수시	시전동제2투	1204	159	74	7	1	9	476
여수시	시전동제3투	804	162	85	4	0	12	648
여수시	시전동제4투	334	87	42	2	1	7	400
여수시	시전동제6투	1345	187	116	14	1	12	605
여수시	시전동제7투	1050	264	120	14	0	7	491
여수시	여천동제1투	451	93	39	6	0	5	374
여수시	여천동제2투	834	162	96	17	0	11	581
여수시	여천동제3투	872	175	101	11	3	9	931
여수시	여천동제4투	1202	190	95	22	1	8	887
여수시	여천동제5투	954	146	45	8	3	5	583
여수시	주삼동제1투	184	55	14	2	0	2	268
여수시	주삼동제2투	1171	178	85	23	1	13	820
여수시	삼일동투표소	266	69	18	2	0	4	322
여수시	묘도동투표소	158	13	2	1	1	1	172
