성남시수정구	관내사전	2832	829	219	16	2	19	0
성남시수정구	신흥1동제1투	522	469	67	8	1	9	973
성남시수정구	신흥1동제2투	394	367	51	6	0	2	762
성남시수정구	신흥1동제3투	444	377	68	9	0	6	690
성남시수정구	신흥1동제4투	489	454	73	9	2	7	768
성남시수정구	관내사전	3268	1035	363	36	1	23	0
성남시수정구	신흥2동제1투	454	438	69	10	0	5	470
성남시수정구	신흥2동제2투	741	917	152	10	0	13	789
성남시수정구	신흥2동제3투	887	1233	226	23	1	20	568
성남시수정구	신흥2동제4투	1038	1317	238	28	2	12	602
성남시수정구	신흥2동제5투	1119	1047	261	21	0	10	658
성남시수정구	신흥2동제6투	978	995	254	22	4	15	862
성남시수정구	관내사전	2496	991	198	27	1	15	0
성남시수정구	신흥3동제1투	578	510	91	7	2	8	966
성남시수정구	신흥3동제2투	375	386	66	3	3	9	715
성남시수정구	신흥3동제3투	597	664	129	12	0	11	1024
성남시수정구	관내사전	2808	898	276	31	1	23	0
성남시수정구	태평1동제1투	576	685	117	7	0	9	830
성남시수정구	태평1동제2투	583	596	154	7	1	9	715
성남시수정구	태평1동제3투	399	430	90	6	1	9	692
성남시수정구	태평1동제4투	596	565	114	10	0	9	723
성남시수정구	관내사전	1645	488	145	11	2	20	0
성남시수정구	태평2동제1투	482	413	81	8	0	12	687
성남시수정구	태평2동제2투	764	632	99	15	1	11	724
성남시수정구	태평2동제3투	291	261	34	4	5	9	456
성남시수정구	태평2동제4투	482	452	103	10	2	9	545
성남시수정구	태평2동제5투	454	387	66	5	2	8	525
성남시수정구	관내사전	2586	764	207	28	1	20	1
성남시수정구	태평3동제2투	369	417	59	3	1	9	554
성남시수정구	태평3동제4투	612	559	90	11	0	2	719
성남시수정구	관내사전	1786	541	143	16	3	19	0
성남시수정구	태평4동제1투	495	534	96	11	0	11	843
성남시수정구	태평4동제2투	572	588	83	6	1	4	931
성남시수정구	태평4동제3투	526	463	89	2	0	7	638
성남시수정구	관내사전	2007	559	166	26	1	17	0
성남시수정구	수진1동제2투	582	478	66	7	1	7	644
성남시수정구	수진1동제3투	348	377	60	3	0	9	681
성남시수정구	수진1동제4투	419	486	70	5	1	8	664
성남시수정구	관내사전	2531	826	212	16	0	20	0
성남시수정구	수진2동제2투	481	462	79	11	2	6	726
성남시수정구	수진2동제3투	281	272	57	2	0	2	444
성남시수정구	수진2동제4투	449	450	87	6	0	7	393
성남시수정구	수진2동제5투	674	864	90	14	0	8	499
성남시수정구	관내사전	1712	580	140	19	2	9	0
성남시수정구	단대동제1투	657	689	117	12	1	13	663
성남시수정구	단대동제2투	888	950	147	12	1	16	628
성남시수정구	단대동제3투	442	424	71	10	1	5	557
성남시수정구	단대동제4투	415	451	62	5	1	6	481
성남시수정구	관내사전	1099	352	139	9	0	6	0
성남시수정구	산성동제1투	847	678	117	14	2	17	657
성남시수정구	산성동제2투	59	70	5	0	0	3	155
성남시수정구	관내사전	2375	744	184	12	1	14	1
성남시수정구	양지동제1투	570	510	107	15	0	9	608
성남시수정구	양지동제3투	371	373	59	5	1	7	440
성남시수정구	관내사전	1832	514	324	19	0	22	0
성남시수정구	복정동제1투	378	519	128	11	0	7	583
성남시수정구	복정동제2투	530	657	159	12	0	10	810
성남시수정구	복정동제3투	536	612	218	13	1	16	634
성남시수정구	관내사전	5221	2011	648	47	2	41	0
성남시수정구	위례동제1투	536	1127	129	9	0	10	557
성남시수정구	위례동제2투	914	1250	197	20	1	11	616
성남시수정구	위례동제3투	1065	1211	209	25	3	8	677
성남시수정구	위례동제4투	447	638	170	13	1	10	598
성남시수정구	위례동제5투	716	1099	212	23	0	17	586
성남시수정구	위례동제6투	454	700	86	6	3	10	553
성남시수정구	위례동제7투	792	696	115	10	2	20	620
성남시수정구	위례동제8투	880	740	152	18	2	20	821
성남시수정구	위례동제9투	488	888	143	18	1	5	473
성남시수정구	위례동제10투	380	802	123	7	2	12	611
성남시수정구	관내사전	486	181	84	5	0	2	0
성남시수정구	신촌동투표소	466	924	182	16	2	10	706
성남시수정구	관내사전	1778	649	309	24	1	21	0
성남시수정구	고등동제1투	741	720	177	14	1	9	471
성남시수정구	고등동제2투	607	856	160	14	0	10	536
성남시수정구	고등동제3투	404	753	98	6	2	7	511
성남시수정구	관내사전	411	184	74	6	2	6	0
성남시수정구	시흥동투표소	337	855	143	9	0	10	618
성남시수정구	관외사전	805	306	129	15	0	13	264
