창원시의창구	관내사전	1809	1239	202	46	7	23	0
창원시의창구	동읍제2투	315	790	80	13	1	6	657
창원시의창구	동읍제6투	147	563	34	5	1	7	343
창원시의창구	동읍제7투	142	516	27	8	0	2	330
창원시의창구	북면제9투	116	421	17	2	0	5	210
창원시의창구	관내사전	830	589	88	11	1	13	0
창원시의창구	대산면제1투	204	554	29	7	2	6	393
창원시의창구	대산면제2투	363	836	67	16	3	12	882
창원시의창구	대산면제3투	173	355	25	12	0	2	278
창원시의창구	관내사전	2895	2421	414	65	5	40	0
창원시의창구	의창동제7투	342	786	61	7	1	10	435
창원시의창구	팔룡동제1투	388	972	109	17	1	11	647
창원시의창구	팔룡동제2투	310	804	97	22	2	14	799
창원시의창구	팔룡동제3투	491	1116	121	23	3	10	923
창원시의창구	관내사전	3830	2635	558	84	6	49	0
창원시의창구	명곡동제4투	381	757	93	19	2	7	711
창원시의창구	명곡동제5투	627	1416	213	24	1	12	546
창원시의창구	명곡동제6투	391	866	89	9	1	10	618
창원시의창구	명곡동제7투	380	1101	113	10	4	14	687
창원시의창구	명곡동제8투	369	940	104	18	1	14	693
창원시의창구	관내사전	2411	1709	344	54	3	36	0
창원시의창구	봉림동제3투	388	928	108	14	2	8	761
창원시의창구	봉림동제6투	680	1663	290	18	1	19	1268
