성남시분당구	관내사전	1616	673	175	17	1	3	0
성남시분당구	분당동제2투	670	965	144	19	2	9	427
성남시분당구	수내1동제2투	387	899	120	10	0	6	355
성남시분당구	수내1동제4투	273	592	87	5	0	10	307
성남시분당구	관내사전	1683	716	385	26	2	22	0
성남시분당구	정자동제1투	361	890	118	18	4	8	475
성남시분당구	정자동제2투	686	1401	181	26	6	11	525
성남시분당구	정자동제3투	376	589	174	7	0	8	491
성남시분당구	정자동제4투	370	679	143	9	2	10	454
성남시분당구	정자1동제1투	586	1213	145	15	0	12	531
성남시분당구	정자1동제2투	433	908	177	19	1	15	597
성남시분당구	정자1동제3투	707	1320	405	28	0	38	1314
성남시분당구	정자1동제4투	354	1258	136	7	1	6	514
성남시분당구	정자1동제7투	364	1163	106	5	0	9	434
성남시분당구	정자2동제4투	318	487	101	8	0	11	321
성남시분당구	정자3동제1투	1000	1604	250	39	0	18	931
성남시분당구	정자3동제2투	524	770	153	14	0	10	554
성남시분당구	정자3동제3투	771	1327	201	22	3	26	683
성남시분당구	서현1동제1투	734	1323	335	25	1	20	1497
성남시분당구	서현1동제2투	587	1417	213	23	1	6	794
성남시분당구	이매1동제1투	728	1424	207	28	1	10	680
성남시분당구	이매1동제2투	700	1136	192	18	3	21	428
성남시분당구	이매1동제3투	474	970	119	13	1	8	370
성남시분당구	이매2동제1투	380	908	126	8	2	7	480
성남시분당구	이매2동제2투	577	1199	176	19	2	10	549
성남시분당구	이매2동제3투	590	1442	165	13	0	14	559
성남시분당구	야탑1동제1투	307	766	145	14	1	13	734
성남시분당구	야탑1동제3투	611	871	130	12	0	8	346
성남시분당구	야탑1동제5투	292	548	100	9	1	7	395
성남시분당구	관내사전	1861	912	315	40	0	12	0
성남시분당구	야탑3동제1투	626	881	202	13	2	19	809
성남시분당구	야탑3동제3투	733	995	206	12	0	13	493
성남시분당구	야탑3동제5투	568	656	109	12	1	10	322
성남시분당구	야탑3동제6투	599	809	102	16	0	7	507
성남시분당구	야탑3동제7투	813	774	159	17	2	8	502
성남시분당구	금곡동제1투	626	929	189	25	1	10	500
성남시분당구	금곡동제2투	782	1030	174	23	2	8	436
성남시분당구	금곡동제3투	327	526	71	6	1	12	537
성남시분당구	금곡동제6투	837	1408	236	22	0	11	839
성남시분당구	금곡동제7투	436	1220	86	16	1	7	642
성남시분당구	구미동제4투	259	1127	86	6	1	3	714
성남시분당구	구미동제5투	665	1110	140	23	1	11	470
성남시분당구	구미1동제2투	802	1226	249	19	0	15	612
성남시분당구	삼평동제2투	660	880	172	13	2	11	568
성남시분당구	삼평동제3투	862	861	120	11	0	11	720
성남시분당구	삼평동제4투	493	852	226	15	2	22	517
성남시분당구	삼평동제5투	721	1228	257	22	2	13	452
성남시분당구	백현동제2투	683	1034	270	26	3	20	718
성남시분당구	백현동제5투	847	704	76	9	0	10	518
성남시분당구	백현동제6투	477	1050	191	20	0	6	499
성남시분당구	운중동제1투	286	804	72	12	1	3	555
성남시분당구	운중동제2투	487	928	135	5	0	7	500
성남시분당구	운중동제7투	738	1031	196	17	0	10	539
