창원시마산합포구	관내사전	245	379	27	6	1	4	0
창원시마산합포구	구산면제1투	105	510	19	4	3	8	297
창원시마산합포구	구산면제2투	170	917	29	6	1	25	544
창원시마산합포구	관내사전	1320	1168	137	17	1	25	0
창원시마산합포구	진동면제1투	90	405	15	7	1	6	180
창원시마산합포구	관내사전	271	345	26	5	0	6	0
창원시마산합포구	진북면제1투	141	773	22	6	1	10	524
창원시마산합포구	관내사전	251	433	40	9	2	12	0
창원시마산합포구	진전면제1투	132	659	23	7	0	5	430
창원시마산합포구	관내사전	1768	1284	214	30	3	20	0
창원시마산합포구	현동제1투	517	917	94	10	2	12	546
창원시마산합포구	관내사전	784	511	145	18	0	10	0
창원시마산합포구	월영동제1투	200	749	92	13	2	6	715
창원시마산합포구	관내사전	1434	1496	263	21	6	32	0
창원시마산합포구	관내사전	1143	1138	131	22	4	17	0
창원시마산합포구	관내사전	1133	1114	170	25	3	23	0
창원시마산합포구	완월동제1투	143	539	41	4	0	9	409
창원시마산합포구	관내사전	816	988	102	14	4	10	0
창원시마산합포구	관내사전	1109	1536	148	18	6	16	0
창원시마산합포구	관내사전	1474	1267	226	30	2	17	1
창원시마산합포구	관내사전	867	893	109	21	2	9	1
창원시마산합포구	관내사전	939	1020	148	18	3	22	0
