동두천시	생연1동제1투	376	498	54	9	1	8	783
동두천시	생연1동제2투	355	579	51	9	1	3	800
동두천시	생연2동제1투	259	415	41	6	0	4	445
동두천시	생연2동제2투	611	752	73	18	2	15	861
동두천시	생연2동제3투	133	256	23	2	1	3	305
동두천시	생연2동제4투	462	514	58	5	2	6	668
동두천시	중앙동제1투	302	508	45	7	1	7	808
동두천시	중앙동제2투	182	348	23	5	0	4	442
동두천시	보산동투표소	260	494	34	8	2	7	738
동두천시	송내동제4투	419	520	60	6	1	4	607
동두천시	소요동제1투	197	286	34	1	2	3	470
동두천시	소요동제2투	477	590	75	3	0	13	692
동두천시	소요동제4투	320	479	34	5	0	3	500
동두천시	소요동제5투	119	254	13	1	0	2	277
동두천시	상패동제1투	367	647	51	4	1	9	839
동두천시	상패동제2투	231	327	43	3	0	5	386
동두천시	관외사전	300	115	54	0	3	14	92
