고양시일산동구	식사동제6투	1014	1408	202	18	4	9	890
고양시일산동구	식사동제7투	814	929	196	12	1	9	1373
고양시일산동구	중산1동제2투	541	666	99	9	1	7	909
고양시일산동구	중산1동제4투	528	773	116	17	0	14	808
고양시일산동구	중산1동제5투	543	854	109	16	2	10	809
고양시일산동구	관내사전	3195	1009	294	36	0	22	0
고양시일산동구	중산2동제1투	880	1091	176	16	2	17	995
고양시일산동구	중산2동제3투	1161	1128	178	23	0	18	1035
고양시일산동구	정발산동제2투	486	726	114	20	1	15	661
고양시일산동구	정발산동제3투	613	815	121	18	1	20	772
고양시일산동구	정발산동제5투	519	765	122	18	3	15	705
고양시일산동구	정발산동제6투	577	950	128	28	2	7	711
고양시일산동구	풍산동제1투	777	757	147	21	2	13	762
고양시일산동구	풍산동제2투	836	831	148	16	0	9	1196
고양시일산동구	풍산동제6투	826	790	136	21	0	10	530
고양시일산동구	풍산동제8투	828	967	119	25	3	6	829
고양시일산동구	백석1동제1투	424	550	85	13	1	6	578
고양시일산동구	백석1동제2투	754	772	146	13	2	15	587
고양시일산동구	백석1동제5투	624	785	157	16	0	19	889
고양시일산동구	관내사전	3267	974	327	37	5	33	0
고양시일산동구	백석2동제1투	565	768	124	13	0	9	780
고양시일산동구	백석2동제2투	660	763	104	13	0	17	802
고양시일산동구	관내사전	3530	1031	474	54	2	52	0
고양시일산동구	마두1동제3투	756	875	124	22	0	13	829
고양시일산동구	마두1동제4투	860	964	191	15	1	8	550
고양시일산동구	마두1동제5투	529	832	108	24	1	6	661
고양시일산동구	관내사전	3539	1035	388	56	2	26	0
고양시일산동구	마두2동제1투	512	932	164	30	1	18	521
고양시일산동구	관내사전	1040	341	106	8	0	7	0
고양시일산동구	장항1동제1투	153	416	27	4	0	3	340
고양시일산동구	장항1동제3투	468	552	122	12	0	11	456
고양시일산동구	장항1동제4투	1197	821	339	26	2	28	605
고양시일산동구	관내사전	3001	1129	337	41	6	29	0
고양시일산동구	장항2동제2투	603	1106	137	22	0	9	528
고양시일산동구	장항2동제5투	795	892	188	21	6	17	2040
고양시일산동구	관내사전	1738	731	110	18	6	12	0
고양시일산동구	고봉동제2투	761	1011	125	12	1	11	1670
고양시일산동구	관외사전	1487	510	274	38	4	27	452
