신안군	관내사전	1789	100	42	6	6	14	0
신안군	지도읍제1투	278	50	8	1	0	5	410
신안군	지도읍제2투	27	2	1	0	0	0	17
신안군	지도읍제3투	124	13	5	0	0	1	117
신안군	지도읍제4투	131	27	5	1	0	0	149
신안군	지도읍제5투	81	9	1	2	1	4	32
신안군	관내사전	2408	123	66	12	7	27	0
신안군	압해읍제1투	178	22	8	3	0	1	265
신안군	압해읍제2투	117	20	1	0	0	0	158
신안군	압해읍제3투	185	34	4	0	0	1	189
신안군	압해읍제4투	290	41	9	3	1	1	237
신안군	압해읍제5투	87	9	1	0	0	0	27
신안군	압해읍제6투	94	6	1	0	0	1	37
신안군	관내사전	655	26	16	2	0	10	0
신안군	증도면제1투	56	13	2	1	0	1	115
신안군	증도면제2투	70	14	2	0	1	1	110
신안군	증도면제3투	134	12	3	1	0	2	46
신안군	관내사전	1070	64	26	6	2	12	0
신안군	임자면제1투	238	50	11	1	2	3	356
신안군	임자면제2투	100	5	3	1	0	1	64
신안군	임자면제3투	34	0	0	0	0	0	31
신안군	임자면제4투	60	7	1	2	1	3	80
신안군	관내사전	856	60	15	2	4	11	0
신안군	자은면제1투	203	35	4	2	1	2	300
신안군	자은면제2투	137	17	3	1	3	1	85
신안군	관내사전	1285	49	30	9	4	10	0
신안군	비금면제4투	44	6	1	0	1	0	20
신안군	관내사전	1068	61	11	8	8	13	0
신안군	도초면제1투	118	27	6	0	0	0	183
신안군	도초면제3투	71	11	0	0	0	1	42
신안군	관내사전	677	49	30	7	2	7	0
신안군	흑산면제1투	88	16	3	0	0	3	246
신안군	흑산면제2투	43	7	0	1	0	0	41
신안군	흑산면제3투	58	3	2	0	0	0	37
신안군	흑산면제4투	69	8	1	0	0	0	26
신안군	흑산면제5투	150	7	2	2	0	0	59
신안군	흑산면제8투	17	2	1	0	0	1	7
신안군	관내사전	548	22	15	2	5	7	0
신안군	하의면제1투	96	14	3	0	0	0	123
신안군	하의면제2투	105	12	4	1	0	0	103
신안군	하의면제3투	54	0	0	0	0	0	10
신안군	관내사전	562	25	16	4	1	6	0
신안군	신의면투표소	119	13	3	4	0	2	204
신안군	관내사전	582	37	12	5	4	7	0
신안군	장산면제1투	95	20	3	1	0	1	111
신안군	장산면제2투	52	9	1	1	0	1	79
신안군	관내사전	1004	73	25	11	2	15	0
신안군	안좌면제1투	139	37	4	2	1	1	264
신안군	안좌면제2투	55	8	3	1	2	1	42
신안군	안좌면제3투	111	27	3	2	1	0	128
신안군	안좌면제4투	93	16	5	2	0	0	106
신안군	관내사전	423	23	8	3	0	3	0
신안군	팔금면투표소	92	20	1	3	0	2	145
신안군	관내사전	814	61	18	9	2	9	0
신안군	암태면제1투	125	33	4	0	0	1	175
신안군	암태면제2투	96	8	0	0	0	2	57
신안군	암태면제3투	72	1	0	0	0	0	19
신안군	관외사전	201	26	13	2	0	1	41
