청주시서원구	관내사전	905	567	79	9	2	7	0
청주시서원구	남이면제1투	281	747	42	8	3	6	794
청주시서원구	남이면제2투	206	311	30	5	2	2	280
청주시서원구	남이면제3투	255	547	65	5	0	7	392
청주시서원구	남이면제4투	746	670	128	22	1	7	392
청주시서원구	관내사전	325	292	31	5	0	5	0
청주시서원구	현도면제1투	179	477	20	5	1	7	353
청주시서원구	현도면제2투	116	267	14	6	0	2	367
청주시서원구	관내사전	449	239	47	6	0	3	0
청주시서원구	사직제1동제1투	187	369	39	2	1	3	489
청주시서원구	사직제1동제2투	430	695	59	14	0	12	397
청주시서원구	관내사전	732	379	112	16	2	9	0
청주시서원구	사직제2동제1투	178	358	44	7	2	5	436
청주시서원구	사직제2동제2투	779	1252	167	28	2	7	573
청주시서원구	사직제2동제3투	775	990	162	18	3	17	520
청주시서원구	관내사전	2638	1360	663	55	1	38	0
청주시서원구	사창동제1투	505	862	229	17	0	21	1269
청주시서원구	사창동제2투	483	854	126	15	0	14	764
청주시서원구	사창동제3투	465	929	100	13	1	11	874
청주시서원구	사창동제4투	294	563	115	9	1	9	601
청주시서원구	관내사전	1238	714	260	26	2	18	0
청주시서원구	모충동제1투	385	639	89	13	2	7	693
청주시서원구	모충동제2투	245	505	79	8	2	9	689
청주시서원구	모충동제3투	759	1003	146	15	2	11	945
청주시서원구	모충동제4투	360	805	110	11	2	7	864
청주시서원구	모충동제5투	740	834	197	24	1	8	557
청주시서원구	관내사전	2979	972	300	54	4	29	0
청주시서원구	산남동제1투	542	770	114	14	3	13	884
청주시서원구	산남동제2투	549	923	102	14	1	16	740
청주시서원구	산남동제3투	1073	962	198	35	1	12	892
청주시서원구	산남동제4투	796	985	222	23	4	9	923
청주시서원구	산남동제5투	989	834	187	29	3	13	724
청주시서원구	관내사전	4240	1699	481	71	6	43	0
청주시서원구	분평동제1투	136	262	21	1	1	1	251
청주시서원구	분평동제2투	981	1081	196	30	3	20	992
청주시서원구	분평동제3투	1033	1115	205	33	2	16	1222
청주시서원구	분평동제4투	977	964	182	28	1	11	910
청주시서원구	분평동제5투	523	827	141	26	2	13	827
청주시서원구	분평동제6투	660	781	154	15	2	8	640
청주시서원구	관내사전	1481	775	185	34	3	19	0
청주시서원구	수곡제1동제1투	481	683	92	12	1	10	796
청주시서원구	수곡제1동제2투	416	681	100	9	3	10	790
청주시서원구	수곡제1동제3투	381	768	73	14	0	8	806
청주시서원구	수곡제1동제4투	424	726	76	18	0	9	661
청주시서원구	관내사전	2141	1262	238	36	1	27	0
청주시서원구	수곡제2동제1투	556	905	97	16	6	10	889
청주시서원구	수곡제2동제2투	418	755	86	14	2	11	734
청주시서원구	수곡제2동제3투	493	984	83	11	5	16	968
청주시서원구	수곡제2동제4투	610	625	135	20	0	6	268
청주시서원구	관내사전	3827	1613	470	56	4	32	0
청주시서원구	성화·개신·죽림동제4투	1103	971	201	22	3	18	729
청주시서원구	성화·개신·죽림동제5투	824	889	235	26	5	16	779
청주시서원구	성화·개신·죽림동제6투	639	638	127	12	1	9	564
청주시서원구	성화·개신·죽림동제8투	651	666	170	21	1	7	826
청주시서원구	성화·개신·죽림동제9투	460	590	88	15	1	2	827
청주시서원구	성화·개신·죽림동제10투	771	627	151	23	0	7	474
청주시서원구	관외사전	431	179	120	9	3	23	137
