성남시분당구	관내사전	1616	673	175	17	1	3	0
성남시분당구	분당동제1투	694	1100	171	21	0	12	635
성남시분당구	분당동제2투	670	965	144	19	2	9	427
성남시분당구	분당동제3투	409	1026	116	7	2	13	506
성남시분당구	분당동제4투	504	743	153	12	0	11	755
성남시분당구	분당동제5투	574	1015	134	11	1	12	537
성남시분당구	분당동제6투	547	876	144	5	0	8	691
성남시분당구	관내사전	2540	1082	440	31	2	27	0
성남시분당구	수내1동제1투	351	838	136	8	2	5	461
성남시분당구	수내1동제2투	387	899	120	10	0	6	355
성남시분당구	수내1동제3투	757	1205	252	19	1	11	976
성남시분당구	수내1동제4투	273	592	87	5	0	10	307
성남시분당구	관내사전	1218	574	157	18	1	11	0
성남시분당구	수내2동제1투	386	834	112	19	1	6	398
성남시분당구	수내2동제2투	562	1049	151	16	1	6	420
성남시분당구	수내2동제3투	304	586	121	9	0	4	261
성남시분당구	관내사전	1766	639	248	27	1	11	0
성남시분당구	관내사전	1683	716	385	26	2	22	0
성남시분당구	정자동제1투	361	890	118	18	4	8	475
성남시분당구	정자동제2투	686	1401	181	26	6	11	525
성남시분당구	정자동제3투	376	589	174	7	0	8	491
성남시분당구	정자동제4투	370	679	143	9	2	10	454
성남시분당구	관내사전	2474	1381	586	54	2	37	0
성남시분당구	정자1동제1투	586	1213	145	15	0	12	531
성남시분당구	정자1동제2투	433	908	177	19	1	15	597
성남시분당구	정자1동제3투	707	1320	405	28	0	38	1314
성남시분당구	정자1동제4투	354	1258	136	7	1	6	514
성남시분당구	정자1동제6투	400	1758	157	10	0	14	976
성남시분당구	정자1동제7투	364	1163	106	5	0	9	434
성남시분당구	관내사전	2238	875	348	42	4	28	0
성남시분당구	정자2동제1투	229	425	69	4	2	4	321
성남시분당구	정자2동제3투	338	375	31	6	1	6	509
성남시분당구	정자2동제4투	318	487	101	8	0	11	321
성남시분당구	정자2동제5투	465	612	112	6	0	7	293
성남시분당구	정자2동제6투	388	857	107	14	1	10	455
성남시분당구	관내사전	1931	809	262	40	0	12	0
성남시분당구	정자3동제1투	1000	1604	250	39	0	18	931
성남시분당구	정자3동제2투	524	770	153	14	0	10	554
성남시분당구	정자3동제3투	771	1327	201	22	3	26	683
성남시분당구	관내사전	4354	2013	786	68	1	40	0
성남시분당구	서현1동제1투	734	1323	335	25	1	20	1497
성남시분당구	서현1동제2투	587	1417	213	23	1	6	794
성남시분당구	서현1동제3투	814	1379	215	23	3	8	654
성남시분당구	서현1동제4투	426	1035	104	12	0	8	470
성남시분당구	서현1동제6투	330	628	109	10	0	13	384
성남시분당구	관내사전	3356	1257	462	45	2	31	0
성남시분당구	서현2동제1투	708	1207	185	20	0	12	566
성남시분당구	서현2동제2투	654	1137	156	21	2	13	529
성남시분당구	서현2동제3투	627	874	178	20	0	11	631
성남시분당구	서현2동제4투	495	899	144	16	1	8	558
성남시분당구	관내사전	2151	1038	294	40	1	19	0
성남시분당구	이매1동제1투	728	1424	207	28	1	10	680
성남시분당구	이매1동제2투	700	1136	192	18	3	21	428
성남시분당구	이매1동제3투	474	970	119	13	1	8	370
성남시분당구	이매1동제4투	584	976	176	14	2	11	442
성남시분당구	이매1동제5투	527	770	191	9	3	10	301
성남시분당구	관내사전	1764	801	223	24	0	6	1
성남시분당구	이매2동제1투	380	908	126	8	2	7	480
성남시분당구	이매2동제2투	577	1199	176	19	2	10	549
성남시분당구	이매2동제3투	590	1442	165	13	0	14	559
성남시분당구	관내사전	3512	1460	639	45	6	40	0
성남시분당구	야탑1동제1투	307	766	145	14	1	13	734
성남시분당구	야탑1동제2투	619	1161	144	12	1	10	511
성남시분당구	야탑1동제3투	611	871	130	12	0	8	346
성남시분당구	야탑1동제4투	658	695	123	15	1	8	322
성남시분당구	야탑1동제5투	292	548	100	9	1	7	395
성남시분당구	관내사전	1861	912	315	40	0	12	0
성남시분당구	야탑2동제1투	373	1039	111	10	1	4	436
성남시분당구	야탑2동제2투	726	1467	161	26	0	11	604
성남시분당구	야탑2동제3투	625	1058	152	23	1	12	493
성남시분당구	야탑2동제4투	466	743	105	8	1	9	346
성남시분당구	관내사전	2658	940	282	27	2	21	0
성남시분당구	야탑3동제1투	626	881	202	13	2	19	809
성남시분당구	야탑3동제2투	599	833	157	8	0	8	519
성남시분당구	야탑3동제3투	733	995	206	12	0	13	493
성남시분당구	야탑3동제5투	568	656	109	12	1	10	322
성남시분당구	야탑3동제6투	599	809	102	16	0	7	507
성남시분당구	야탑3동제7투	813	774	159	17	2	8	502
성남시분당구	관내사전	2639	1175	367	50	4	24	0
성남시분당구	금곡동제1투	626	929	189	25	1	10	500
성남시분당구	금곡동제2투	782	1030	174	23	2	8	436
성남시분당구	금곡동제3투	327	526	71	6	1	12	537
성남시분당구	금곡동제4투	473	1269	175	15	0	7	714
성남시분당구	금곡동제5투	322	584	117	6	0	7	305
성남시분당구	금곡동제6투	837	1408	236	22	0	11	839
성남시분당구	금곡동제7투	436	1220	86	16	1	7	642
성남시분당구	관내사전	2399	1008	292	37	1	15	0
성남시분당구	구미동제1투	519	800	118	10	2	4	387
성남시분당구	구미동제2투	493	669	137	10	1	8	278
성남시분당구	구미동제3투	472	564	84	12	0	7	204
성남시분당구	구미동제4투	259	1127	86	6	1	3	714
성남시분당구	구미동제5투	665	1110	140	23	1	11	470
성남시분당구	구미동제6투	412	916	116	11	0	4	497
성남시분당구	구미동제7투	762	1268	233	17	4	12	897
성남시분당구	구미동제8투	674	767	93	10	4	15	574
성남시분당구	관내사전	3996	1625	614	42	7	40	0
성남시분당구	구미1동제1투	563	1052	178	18	1	18	956
성남시분당구	구미1동제2투	802	1226	249	19	0	15	612
성남시분당구	구미1동제3투	309	676	99	8	2	5	326
성남시분당구	구미1동제4투	480	715	134	12	0	8	299
성남시분당구	관내사전	2862	1056	376	37	2	20	0
성남시분당구	판교동제1투	704	960	171	26	2	10	637
성남시분당구	판교동제2투	946	1270	254	31	7	21	593
성남시분당구	판교동제3투	763	1478	203	29	0	10	775
성남시분당구	관내사전	3104	1021	452	54	2	23	0
성남시분당구	삼평동제2투	660	880	172	13	2	11	568
성남시분당구	삼평동제3투	862	861	120	11	0	11	720
성남시분당구	삼평동제4투	493	852	226	15	2	22	517
성남시분당구	삼평동제5투	721	1228	257	22	2	13	452
성남시분당구	관내사전	3646	1308	549	37	1	30	0
성남시분당구	백현동제1투	875	1435	234	19	2	19	621
성남시분당구	백현동제2투	683	1034	270	26	3	20	718
성남시분당구	백현동제3투	454	881	160	18	0	9	528
성남시분당구	백현동제4투	837	789	106	10	1	11	630
성남시분당구	백현동제5투	847	704	76	9	0	10	518
성남시분당구	백현동제6투	477	1050	191	20	0	6	499
성남시분당구	관내사전	3614	1333	427	66	3	27	0
성남시분당구	운중동제1투	286	804	72	12	1	3	555
성남시분당구	운중동제2투	487	928	135	5	0	7	500
성남시분당구	운중동제3투	693	1271	157	29	0	8	818
성남시분당구	운중동제4투	470	566	139	9	2	11	274
성남시분당구	운중동제5투	942	1559	192	24	1	11	693
성남시분당구	운중동제6투	905	1107	198	13	2	7	579
성남시분당구	운중동제7투	738	1031	196	17	0	10	539
성남시분당구	운중동제8투	1451	1429	312	24	3	19	794
