천안시동남구	관내사전	2179	917	173	33	1	20	0
천안시동남구	목천읍제1투	459	909	73	6	2	9	998
천안시동남구	목천읍제2투	361	604	60	6	1	8	662
천안시동남구	목천읍제3투	138	305	14	7	1	3	188
천안시동남구	목천읍제4투	537	643	80	14	2	6	680
천안시동남구	목천읍제5투	918	710	120	21	6	11	813
천안시동남구	목천읍제6투	350	332	52	4	1	6	409
천안시동남구	목천읍제7투	1094	1026	166	24	4	14	1459
천안시동남구	관내사전	1613	594	203	30	1	20	0
천안시동남구	풍세면제2투	84	244	21	5	0	3	165
천안시동남구	관내사전	452	273	21	4	0	3	0
천안시동남구	광덕면제1투	136	654	25	1	0	5	306
천안시동남구	광덕면제2투	169	434	19	6	0	3	301
천안시동남구	광덕면제3투	127	269	12	6	1	4	235
천안시동남구	관내사전	389	254	31	9	6	13	0
천안시동남구	북면제1투	308	588	50	8	2	7	708
천안시동남구	북면제2투	105	426	26	4	2	3	295
천안시동남구	관내사전	686	421	64	14	1	9	0
천안시동남구	성남면제1투	131	269	13	1	1	4	272
천안시동남구	성남면제2투	145	455	18	5	2	6	443
천안시동남구	관내사전	542	297	53	6	3	6	0
천안시동남구	수신면제1투	140	363	32	6	0	3	334
천안시동남구	수신면제2투	61	163	7	3	0	0	162
천안시동남구	관내사전	1185	744	189	16	4	9	0
천안시동남구	병천면제1투	360	742	77	11	1	4	980
천안시동남구	병천면제2투	191	388	18	2	0	4	363
천안시동남구	병천면제3투	121	216	9	0	1	3	164
천안시동남구	관내사전	296	259	36	5	2	5	0
천안시동남구	동면투표소	166	460	35	5	1	7	445
천안시동남구	관내사전	933	657	92	9	1	15	0
천안시동남구	중앙동제1투	220	592	47	5	0	2	714
천안시동남구	중앙동제2투	306	547	54	8	0	9	609
천안시동남구	관내사전	1193	605	164	22	3	20	0
천안시동남구	문성동제1투	367	700	90	10	3	8	853
천안시동남구	문성동제2투	761	776	181	25	3	18	598
천안시동남구	관내사전	938	546	133	14	2	12	0
천안시동남구	원성1동제1투	303	573	49	14	1	5	616
천안시동남구	원성1동제2투	129	301	26	3	0	5	367
천안시동남구	원성1동제3투	176	425	38	2	0	3	452
천안시동남구	원성1동제4투	336	579	70	15	0	6	529
천안시동남구	관내사전	1437	796	157	21	2	13	0
천안시동남구	원성2동제1투	114	284	28	2	0	4	237
천안시동남구	원성2동제2투	434	858	97	12	1	10	842
천안시동남구	원성2동제3투	434	1031	113	12	0	11	1243
천안시동남구	관내사전	1487	733	208	17	1	6	0
천안시동남구	봉명동제1투	330	457	53	6	1	8	861
천안시동남구	봉명동제2투	425	601	85	4	0	8	649
천안시동남구	봉명동제3투	353	648	86	8	1	7	697
천안시동남구	봉명동제4투	221	462	42	6	0	5	641
천안시동남구	봉명동제5투	582	755	146	14	4	11	720
천안시동남구	봉명동제6투	585	506	109	15	3	9	623
천안시동남구	관내사전	1496	771	123	18	4	13	0
천안시동남구	일봉동제1투	351	765	63	11	1	7	949
천안시동남구	일봉동제2투	748	894	100	27	3	8	881
천안시동남구	일봉동제3투	607	746	170	15	2	10	785
천안시동남구	일봉동제4투	854	943	148	28	1	10	692
천안시동남구	일봉동제5투	1305	1079	199	26	1	12	950
천안시동남구	관내사전	5181	1436	558	46	3	35	0
천안시동남구	신방동제1투	569	759	113	17	2	11	521
천안시동남구	신방동제3투	932	851	173	20	2	10	812
천안시동남구	신방동제6투	295	351	54	8	0	7	468
천안시동남구	신방동제7투	959	894	170	35	3	19	608
천안시동남구	신방동제8투	1493	1286	326	33	7	15	1693
천안시동남구	신방동제9투	1247	1043	218	28	1	19	1434
천안시동남구	관내사전	5434	1895	764	79	5	63	0
천안시동남구	청룡동제1투	756	1119	146	21	3	9	856
천안시동남구	청룡동제2투	537	876	135	10	1	11	904
천안시동남구	청룡동제3투	1390	1372	252	30	2	26	1076
천안시동남구	청룡동제4투	1031	1164	172	23	0	14	989
천안시동남구	청룡동제5투	707	1076	122	22	3	10	1032
천안시동남구	청룡동제6투	436	554	115	11	2	12	566
천안시동남구	청룡동제7투	1604	1312	330	34	4	21	1569
천안시동남구	청룡동제8투	560	442	94	11	2	4	486
천안시동남구	청룡동제9투	821	981	213	25	3	16	1298
천안시동남구	청룡동제10투	1417	1111	273	36	3	13	901
천안시동남구	청룡동제11투	651	560	123	16	1	12	557
천안시동남구	관내사전	3718	1620	687	66	0	51	0
천안시동남구	신안동제1투	372	657	134	22	1	9	846
천안시동남구	신안동제2투	761	935	211	25	0	12	711
천안시동남구	신안동제3투	343	691	87	12	1	9	957
천안시동남구	신안동제4투	587	900	123	5	0	7	550
천안시동남구	신안동제5투	747	973	149	17	2	14	701
천안시동남구	신안동제6투	724	964	215	21	3	18	995
천안시동남구	신안동제7투	1041	1044	237	29	5	20	956
천안시동남구	신안동제8투	753	1092	247	31	3	25	1037
천안시동남구	신안동제9투	691	997	149	19	2	9	655
천안시동남구	관외사전	723	249	143	15	3	13	191
