청주시흥덕구	관내사전	4110	1511	666	63	6	59	0
청주시흥덕구	오송읍제1투	424	698	51	9	2	14	802
청주시흥덕구	오송읍제7투	665	756	167	18	0	6	789
청주시흥덕구	오송읍제9투	1384	1181	353	33	5	16	905
청주시흥덕구	관내사전	2226	981	348	40	8	33	0
청주시흥덕구	강내면제1투	464	660	113	19	2	10	734
청주시흥덕구	강내면제2투	253	411	31	4	0	6	388
청주시흥덕구	강내면제3투	643	846	138	23	2	8	866
청주시흥덕구	관내사전	2296	911	251	20	4	27	0
청주시흥덕구	옥산면제1투	288	461	44	6	0	2	540
청주시흥덕구	옥산면제2투	676	937	84	19	4	20	1168
청주시흥덕구	옥산면제3투	693	618	128	30	0	9	599
청주시흥덕구	옥산면제4투	1289	1070	247	25	4	16	966
청주시흥덕구	관내사전	1401	610	128	18	1	18	0
청주시흥덕구	운천·신봉동제1투	352	620	64	9	0	7	628
청주시흥덕구	운천·신봉동제2투	755	932	140	23	1	8	900
청주시흥덕구	운천·신봉동제3투	443	761	90	12	0	13	718
청주시흥덕구	운천·신봉동제4투	780	922	112	17	2	15	757
청주시흥덕구	관내사전	5642	2087	940	94	11	57	0
청주시흥덕구	복대제1동제1투	521	588	138	16	0	10	928
청주시흥덕구	복대제1동제2투	671	672	118	17	0	11	586
청주시흥덕구	복대제1동제4투	248	374	56	11	0	9	514
청주시흥덕구	복대제1동제9투	900	742	211	23	3	20	755
청주시흥덕구	복대제1동제10투	1119	1412	311	23	2	14	860
청주시흥덕구	복대제1동제11투	1214	964	259	30	4	14	591
청주시흥덕구	복대제1동제12투	380	408	142	9	2	7	349
청주시흥덕구	관내사전	1575	813	272	25	3	26	0
청주시흥덕구	복대제2동제1투	396	644	93	14	2	8	737
청주시흥덕구	복대제2동제2투	332	577	60	7	2	7	610
청주시흥덕구	복대제2동제3투	497	733	118	12	0	13	816
청주시흥덕구	복대제2동제4투	486	838	201	24	3	14	945
청주시흥덕구	복대제2동제5투	406	616	145	9	0	5	782
청주시흥덕구	관내사전	4247	1654	494	53	7	37	0
청주시흥덕구	가경동제6투	592	784	103	11	2	7	814
청주시흥덕구	관내사전	1531	730	245	21	2	18	0
청주시흥덕구	봉명제1동제1투	384	636	122	8	1	14	1108
청주시흥덕구	봉명제1동제2투	487	747	124	15	1	14	1026
청주시흥덕구	봉명제1동제3투	916	1050	249	23	4	17	1128
청주시흥덕구	관내사전	2473	1133	390	40	4	35	1
청주시흥덕구	봉명제2·송정동제1투	404	783	98	14	2	11	941
청주시흥덕구	봉명제2·송정동제2투	456	695	111	13	0	5	980
청주시흥덕구	봉명제2·송정동제3투	597	799	163	12	3	11	1389
청주시흥덕구	봉명제2·송정동제4투	552	583	204	19	2	18	774
청주시흥덕구	봉명제2·송정동제6투	545	668	153	20	0	10	1436
청주시흥덕구	관내사전	3797	1583	598	60	6	39	0
청주시흥덕구	강서제1동제1투	725	1183	289	26	3	23	1817
청주시흥덕구	강서제1동제2투	131	328	13	3	0	5	237
청주시흥덕구	강서제1동제3투	206	384	29	2	2	6	314
청주시흥덕구	강서제1동제5투	1352	1232	275	41	1	13	1062
청주시흥덕구	강서제1동제6투	1073	1277	215	26	2	15	1315
청주시흥덕구	강서제1동제7투	587	561	103	15	0	7	604
청주시흥덕구	관내사전	2259	769	465	25	8	40	0
청주시흥덕구	강서제2동제1투	427	841	195	13	2	9	850
청주시흥덕구	강서제2동제2투	928	794	244	18	3	15	742
청주시흥덕구	강서제2동제3투	937	690	209	28	2	20	613
