세종특별자치시	관내사전	4348	1944	632	72	13	61	0
세종특별자치시	조치원읍제1투	367	635	69	5	1	10	773
세종특별자치시	조치원읍제3투	445	668	81	8	1	12	784
세종특별자치시	조치원읍제9투	576	691	94	12	1	8	743
세종특별자치시	조치원읍제11투	1184	1029	163	33	3	17	887
세종특별자치시	관내사전	617	300	77	5	1	6	0
세종특별자치시	연기면투표소	239	465	33	3	1	1	609
세종특별자치시	관내사전	571	308	68	8	2	7	0
세종특별자치시	관내사전	1125	641	176	14	6	13	0
세종특별자치시	부강면제2투	190	333	27	4	0	3	374
세종특별자치시	관내사전	1191	709	137	14	2	20	0
세종특별자치시	금남면제1투	369	766	84	9	2	18	878
세종특별자치시	금남면제2투	171	384	23	2	3	4	277
세종특별자치시	금남면제3투	171	365	28	4	1	7	310
세종특별자치시	관내사전	954	475	91	4	0	9	0
세종특별자치시	장군면제1투	293	513	71	6	0	9	740
세종특별자치시	장군면제2투	270	512	72	3	0	5	756
세종특별자치시	장군면제3투	79	157	16	1	1	2	136
세종특별자치시	관내사전	1559	657	200	27	3	18	0
세종특별자치시	연서면제3투	94	231	9	0	0	2	222
세종특별자치시	연서면제4투	433	728	95	11	3	20	887
세종특별자치시	관내사전	974	522	91	12	5	30	0
세종특별자치시	전의면제2투	232	489	32	3	0	5	502
세종특별자치시	전의면제3투	103	202	15	4	0	2	154
세종특별자치시	관내사전	552	348	49	12	6	14	0
세종특별자치시	전동면제1투	153	316	27	1	0	4	352
세종특별자치시	전동면제2투	86	158	11	0	1	2	142
세종특별자치시	전동면제3투	76	185	8	0	0	1	358
세종특별자치시	관내사전	354	253	35	8	0	4	0
세종특별자치시	소정면투표소	182	453	32	8	2	5	445
세종특별자치시	관내사전	2838	721	301	45	1	16	0
세종특별자치시	한솔동제1투	827	638	138	16	0	11	474
세종특별자치시	관내사전	4277	1301	589	66	5	35	0
세종특별자치시	도담동제2투	464	673	95	25	1	17	569
세종특별자치시	도담동제3투	1093	1207	253	27	2	17	1030
세종특별자치시	도담동제4투	645	553	139	25	0	6	381
세종특별자치시	도담동제5투	717	801	155	22	1	9	464
세종특별자치시	관내사전	4156	1005	529	70	3	36	0
세종특별자치시	아름동제2투	730	557	116	12	3	10	472
세종특별자치시	아름동제3투	916	757	146	22	1	17	615
세종특별자치시	관내사전	4270	1153	562	69	3	48	0
세종특별자치시	종촌동제1투	850	658	162	19	2	9	691
세종특별자치시	종촌동제2투	453	397	80	15	0	7	358
세종특별자치시	종촌동제3투	977	748	164	20	3	15	480
세종특별자치시	종촌동제4투	680	609	127	20	2	5	389
세종특별자치시	종촌동제5투	709	718	152	19	1	7	675
세종특별자치시	종촌동제6투	438	549	99	17	2	10	478
세종특별자치시	관내사전	4335	993	393	56	1	24	0
세종특별자치시	고운동제1투	1266	1083	220	23	1	22	897
세종특별자치시	고운동제3투	695	609	110	14	1	8	639
세종특별자치시	고운동제4투	1142	808	180	33	0	10	753
세종특별자치시	관내사전	3812	983	535	69	3	40	0
세종특별자치시	보람동제2투	717	763	150	11	0	9	551
세종특별자치시	보람동제3투	897	961	239	31	5	19	734
세종특별자치시	새롬동제1투	540	630	150	17	0	8	629
세종특별자치시	새롬동제2투	1013	962	224	18	2	12	643
세종특별자치시	새롬동제3투	1111	919	192	31	3	17	691
세종특별자치시	관내사전	2179	607	290	33	1	11	0
세종특별자치시	대평동제1투	747	808	187	17	2	12	614
세종특별자치시	관내사전	4146	1076	547	69	1	38	0
세종특별자치시	소담동제1투	741	650	137	21	2	13	461
세종특별자치시	소담동제2투	857	737	187	20	0	7	594
세종특별자치시	소담동제3투	739	708	179	17	1	12	603
세종특별자치시	소담동제4투	637	675	145	21	1	12	589
세종특별자치시	관내사전	4354	1168	592	82	3	31	0
세종특별자치시	다정동제1투	1075	879	236	41	1	22	635
세종특별자치시	다정동제2투	822	814	210	32	2	15	854
세종특별자치시	다정동제3투	1132	1042	232	28	2	10	777
세종특별자치시	다정동제4투	756	927	183	22	1	14	740
세종특별자치시	관내사전	3040	676	408	44	2	22	0
세종특별자치시	해밀동제1투	1302	984	288	45	3	21	981
세종특별자치시	관내사전	3993	964	593	75	3	35	0
세종특별자치시	반곡동제1투	1133	933	256	39	1	24	823
세종특별자치시	반곡동제2투	830	828	254	31	1	24	996
세종특별자치시	반곡동제4투	1068	778	319	39	5	17	684
세종특별자치시	관내사전	2522	728	484	64	6	39	0
세종특별자치시	어진동제1투	662	620	179	47	1	19	455
세종특별자치시	어진동제2투	845	785	260	37	1	17	766
세종특별자치시	관내사전	2792	695	482	66	6	31	0
세종특별자치시	나성동제1투	831	779	226	24	1	14	717
세종특별자치시	나성동제2투	783	711	193	32	3	6	830
세종특별자치시	관외사전	1414	529	292	50	2	31	355
