사하구	관내사전	2147	2879	85	2	18	1	27	0
사하구	괴정제1동제1투	409	706	19	0	18	1	14	767
사하구	괴정제1동제2투	390	871	36	2	16	0	8	930
사하구	괴정제1동제3투	510	946	35	0	13	0	25	991
사하구	괴정제1동제4투	396	732	21	1	14	0	15	704
사하구	괴정제1동제5투	497	912	32	1	9	0	23	968
사하구	관내사전	1169	1446	51	1	17	1	9	0
사하구	괴정제2동제1투	342	655	16	0	14	1	9	784
사하구	괴정제2동제2투	485	758	38	2	19	0	9	768
사하구	괴정제2동제3투	409	783	32	1	19	0	9	1039
사하구	괴정제2동제4투	334	695	14	0	14	1	14	723
사하구	관내사전	1621	2088	76	0	20	0	16	0
사하구	괴정제3동제1투	432	695	28	1	15	0	14	955
사하구	괴정제3동제2투	510	990	23	0	24	0	16	1010
사하구	괴정제3동제3투	508	1026	29	0	16	1	13	1043
사하구	관내사전	1345	1705	54	2	26	0	13	0
사하구	괴정제4동제1투	519	894	30	1	20	0	14	893
사하구	괴정제4동제2투	433	839	36	2	13	0	16	924
사하구	괴정제4동제3투	178	381	16	1	13	0	10	455
사하구	괴정제4동제4투	177	358	11	0	9	0	7	411
사하구	관내사전	2610	3194	116	2	38	1	30	0
사하구	당리동제1투	791	1130	56	2	24	0	12	957
사하구	당리동제2투	423	794	24	0	20	0	9	868
사하구	당리동제3투	362	759	23	0	16	0	14	747
사하구	당리동제4투	390	739	27	1	16	0	9	892
사하구	당리동제5투	393	692	21	0	10	0	9	833
사하구	당리동제6투	465	779	28	0	19	0	26	630
사하구	당리동제7투	418	785	22	1	21	0	10	668
사하구	관내사전	2202	2566	109	4	41	1	50	0
사하구	하단제1동제1투	395	805	24	0	17	0	14	759
사하구	하단제1동제2투	510	811	25	1	31	1	19	1416
사하구	하단제1동제3투	550	927	40	1	25	1	15	1301
사하구	하단제1동제4투	781	1255	43	2	17	0	10	782
사하구	하단제1동제5투	663	1038	30	0	15	0	10	599
사하구	관내사전	2067	2322	90	2	26	3	31	1
사하구	하단제2동제1투	529	1029	40	0	16	0	16	987
사하구	하단제2동제2투	637	1216	48	4	33	0	31	1361
사하구	하단제2동제3투	533	901	31	0	21	0	16	1516
사하구	하단제2동제4투	678	1285	51	0	27	0	30	1205
사하구	하단제2동제5투	629	939	45	0	17	1	15	950
사하구	관내사전	1954	2321	91	0	29	0	27	0
사하구	신평제1동제1투	794	1102	47	0	26	0	17	1336
사하구	신평제1동제2투	406	638	29	1	25	2	20	1045
사하구	신평제1동제3투	363	623	16	1	17	0	15	1100
사하구	신평제1동제4투	465	724	28	1	23	1	21	940
사하구	관내사전	2173	2242	109	2	43	2	29	0
사하구	신평제2동제1투	318	566	22	1	21	0	18	1130
사하구	신평제2동제2투	716	1047	43	0	17	0	12	916
사하구	신평제2동제3투	472	719	36	2	23	0	16	780
사하구	신평제2동제4투	589	871	52	0	19	0	13	863
사하구	관내사전	1437	1432	53	1	26	0	15	0
사하구	장림제1동제1투	209	396	16	0	10	1	7	649
사하구	장림제1동제2투	316	592	14	1	18	1	13	1033
사하구	장림제1동제3투	977	900	61	2	21	0	21	1129
사하구	관내사전	2135	2401	70	3	30	0	23	0
사하구	장림제2동제1투	304	618	23	1	22	1	19	1156
사하구	장림제2동제2투	597	716	49	0	14	1	11	1077
사하구	장림제2동제3투	609	849	22	1	24	1	19	947
사하구	장림제2동제4투	558	908	44	1	23	0	20	982
사하구	장림제2동제5투	804	1087	50	1	31	0	24	1502
사하구	장림제2동제6투	813	1094	50	0	31	0	10	1333
사하구	관내사전	2784	3171	110	3	53	2	23	0
사하구	다대제1동제1투	641	811	42	1	19	0	20	1200
사하구	다대제1동제2투	467	832	34	0	22	0	14	968
사하구	다대제1동제3투	324	556	25	0	16	2	9	777
사하구	다대제1동제4투	541	779	35	0	22	0	21	642
사하구	다대제1동제5투	573	740	38	0	27	2	16	889
사하구	다대제1동제6투	471	497	33	0	18	0	10	770
사하구	다대제1동제7투	603	952	35	0	20	0	19	724
사하구	다대제1동제8투	278	517	13	0	20	0	7	594
사하구	다대제1동제9투	346	437	26	0	10	1	11	543
사하구	다대제1동제10투	908	1119	57	0	15	0	17	975
사하구	다대제1동제11투	786	946	42	1	10	0	10	673
사하구	관내사전	2415	2913	91	2	30	3	26	0
사하구	다대제2동제1투	535	751	26	0	22	0	10	558
사하구	다대제2동제2투	549	894	38	1	20	0	13	531
사하구	다대제2동제3투	426	828	25	1	14	1	15	860
사하구	다대제2동제4투	562	739	26	1	21	0	10	953
사하구	다대제2동제5투	775	1145	34	1	22	0	24	1217
사하구	다대제2동제6투	686	1090	56	1	21	0	21	901
사하구	다대제2동제7투	377	715	16	0	28	0	15	978
사하구	관내사전	1441	1358	59	4	24	0	19	0
사하구	구평동제1투	428	557	27	0	14	1	10	549
사하구	구평동제2투	313	634	28	0	21	0	7	710
사하구	구평동제3투	36	112	3	0	3	0	1	99
사하구	구평동제4투	820	1011	55	0	27	0	13	1546
사하구	관내사전	1614	2104	69	0	27	1	15	0
사하구	감천제1동제1투	339	666	25	2	15	0	16	978
사하구	감천제1동제2투	279	526	18	1	12	0	11	988
사하구	감천제1동제3투	332	574	27	0	12	0	9	678
사하구	감천제1동제4투	515	672	27	0	9	0	15	470
사하구	감천제1동제5투	502	800	40	1	23	0	13	674
사하구	감천제1동제6투	497	823	26	0	18	0	11	775
사하구	관내사전	474	606	17	0	8	0	9	0
사하구	감천제2동제1투	181	457	9	1	18	0	7	732
사하구	감천제2동제2투	228	446	15	1	24	0	9	601
사하구	감천제2동제3투	193	322	7	0	6	1	7	460
사하구	관외사전	9247	10712	523	13	343	11	401	386
