청주시서원구	관내사전	822	983	34	4	9	1	8	0
청주시서원구	남이면제1투	320	608	22	0	14	0	12	803
청주시서원구	남이면제2투	181	326	15	0	7	0	3	309
청주시서원구	남이면제3투	270	478	17	0	9	1	5	427
청주시서원구	남이면제4투	728	686	44	0	9	2	8	471
청주시서원구	관내사전	328	554	16	1	8	1	7	0
청주시서원구	현도면제1투	211	404	13	0	7	0	8	400
청주시서원구	현도면제2투	93	234	7	1	7	0	6	323
청주시서원구	관내사전	611	751	28	0	7	0	13	0
청주시서원구	사직제1동제1투	71	155	6	1	5	0	2	355
청주시서원구	사직제1동제2투	332	435	35	0	12	0	9	571
청주시서원구	사직제1동제3투	464	789	26	1	16	1	11	608
청주시서원구	관내사전	966	1063	38	0	11	0	14	0
청주시서원구	사직제2동제1투	246	393	9	1	12	0	11	396
청주시서원구	사직제2동제2투	263	383	18	0	7	0	8	530
청주시서원구	사직제2동제3투	772	1136	41	0	12	1	16	686
청주시서원구	사직제2동제4투	776	900	46	1	11	0	16	648
청주시서원구	관내사전	2455	2849	158	3	32	4	47	1
청주시서원구	사창동제1투	442	697	43	1	29	0	37	1302
청주시서원구	사창동제2투	563	837	55	0	22	0	15	1053
청주시서원구	사창동제3투	491	881	29	2	15	0	23	1040
청주시서원구	사창동제4투	286	416	17	0	7	0	19	649
청주시서원구	관내사전	1181	1386	80	4	20	1	30	0
청주시서원구	모충동제1투	515	778	29	2	25	0	18	1033
청주시서원구	모충동제2투	237	448	25	0	9	1	12	578
청주시서원구	모충동제3투	739	886	53	0	21	0	20	1102
청주시서원구	모충동제4투	416	703	15	1	15	0	23	828
청주시서원구	모충동제5투	367	415	32	0	7	1	17	365
청주시서원구	관내사전	2979	2203	129	3	21	1	24	1
청주시서원구	산남동제1투	520	722	37	0	6	1	19	990
청주시서원구	산남동제2투	589	914	29	0	19	0	20	761
청주시서원구	산남동제3투	1046	913	66	0	15	0	25	1070
청주시서원구	산남동제4투	766	896	58	0	19	0	16	1024
청주시서원구	산남동제5투	931	738	52	3	8	2	21	813
청주시서원구	관내사전	4131	3301	220	7	44	3	53	1
청주시서원구	분평동제1투	190	268	11	0	7	0	5	267
청주시서원구	분평동제2투	705	793	58	1	14	1	15	1011
청주시서원구	분평동제3투	677	754	46	2	22	3	19	1002
청주시서원구	분평동제4투	722	704	55	1	18	0	24	899
청주시서원구	분평동제5투	572	700	54	2	5	2	16	909
청주시서원구	분평동제6투	615	703	47	0	19	1	13	782
청주시서원구	분평동제7투	834	719	47	0	14	0	19	910
청주시서원구	관내사전	1388	1493	71	6	33	3	13	0
청주시서원구	수곡제1동제1투	479	663	44	0	27	0	32	867
청주시서원구	수곡제1동제2투	491	617	40	2	16	0	17	854
청주시서원구	수곡제1동제3투	432	673	32	1	14	0	14	856
청주시서원구	수곡제1동제4투	427	663	31	0	21	0	9	788
청주시서원구	관내사전	1741	1867	89	3	23	4	34	0
청주시서원구	수곡제2동제1투	499	610	29	0	14	0	13	861
청주시서원구	수곡제2동제2투	515	710	35	2	18	0	16	842
청주시서원구	수곡제2동제3투	433	608	29	1	15	0	21	762
청주시서원구	수곡제2동제4투	401	567	21	2	17	0	31	626
청주시서원구	수곡제2동제5투	579	605	57	0	11	0	17	328
청주시서원구	관내사전	3746	2982	143	7	41	4	39	0
청주시서원구	성화·개신·죽림동제1투	978	909	64	3	32	1	32	1286
청주시서원구	성화·개신·죽림동제2투	592	877	59	0	13	0	15	641
청주시서원구	성화·개신·죽림동제3투	597	907	42	2	18	1	22	907
청주시서원구	성화·개신·죽림동제4투	1089	973	80	4	13	0	20	900
청주시서원구	성화·개신·죽림동제5투	801	800	65	1	20	1	25	960
청주시서원구	성화·개신·죽림동제6투	600	525	43	0	18	1	18	592
청주시서원구	성화·개신·죽림동제7투	550	520	38	0	14	0	5	857
청주시서원구	성화·개신·죽림동제8투	662	684	47	0	14	0	14	938
청주시서원구	성화·개신·죽림동제9투	526	476	25	0	15	2	8	952
청주시서원구	성화·개신·죽림동제10투	716	670	53	1	14	1	13	556
청주시서원구	관외사전	7658	7444	502	17	223	8	284	189
