청주시상당구	관내사전	380	539	18	3	9	1	14	0
청주시상당구	낭성면투표소	173	457	15	2	4	0	12	444
청주시상당구	관내사전	616	1019	29	0	9	1	28	0
청주시상당구	미원면제1투	142	257	6	1	8	0	6	445
청주시상당구	미원면제2투	205	346	13	2	10	0	15	506
청주시상당구	미원면제3투	106	245	8	0	2	2	2	139
청주시상당구	관내사전	506	690	17	0	5	1	20	0
청주시상당구	가덕면제1투	159	362	13	0	14	0	14	359
청주시상당구	가덕면제2투	127	166	3	0	6	0	12	220
청주시상당구	가덕면제3투	149	276	12	1	6	1	7	275
청주시상당구	관내사전	1180	1232	61	3	18	4	22	0
청주시상당구	남일면제1투	316	570	26	1	11	0	11	702
청주시상당구	남일면제2투	128	224	11	0	6	1	7	190
청주시상당구	남일면제3투	317	475	24	0	15	0	12	605
청주시상당구	관내사전	525	778	33	0	11	1	17	0
청주시상당구	문의면제1투	277	494	17	3	15	0	18	637
청주시상당구	문의면제2투	123	225	7	1	4	1	5	191
청주시상당구	관내사전	743	801	57	0	13	0	4	0
청주시상당구	중앙동제1투	449	745	38	0	15	0	19	955
청주시상당구	중앙동제2투	315	643	29	3	11	0	13	633
청주시상당구	관내사전	1056	1141	89	1	16	2	19	0
청주시상당구	성안동제1투	508	859	30	1	17	3	14	968
청주시상당구	성안동제2투	343	722	16	0	21	0	17	759
청주시상당구	관내사전	763	1059	42	1	17	1	12	0
청주시상당구	탑·대성동제1투	380	730	36	2	19	0	18	1035
청주시상당구	탑·대성동제2투	416	684	42	0	13	1	17	990
청주시상당구	관내사전	1336	1457	74	2	27	0	15	0
청주시상당구	영운동제1투	345	593	27	2	13	0	14	868
청주시상당구	영운동제2투	577	723	41	1	21	1	22	1026
청주시상당구	영운동제3투	426	615	39	0	17	1	17	792
청주시상당구	관내사전	3321	3095	182	0	48	2	31	0
청주시상당구	금천동제1투	601	849	41	1	26	1	11	892
청주시상당구	금천동제2투	364	557	22	0	21	1	19	700
청주시상당구	금천동제3투	829	996	62	1	21	0	20	912
청주시상당구	금천동제4투	515	601	28	0	20	0	13	863
청주시상당구	금천동제5투	538	634	34	0	16	2	8	680
청주시상당구	금천동제6투	839	794	60	1	19	1	22	1098
청주시상당구	금천동제7투	687	631	38	0	9	1	22	684
청주시상당구	금천동제8투	692	629	38	3	7	0	14	592
청주시상당구	관내사전	2116	1619	96	3	20	2	22	0
청주시상당구	용담·명암·산성동제1투	307	531	21	1	12	2	16	792
청주시상당구	용담·명암·산성동제2투	558	630	37	1	14	0	13	636
청주시상당구	용담·명암·산성동제3투	979	810	54	0	14	0	15	855
청주시상당구	관내사전	4155	3515	203	6	46	4	44	1
청주시상당구	용암제1동제1투	525	740	40	2	17	0	10	959
청주시상당구	용암제1동제2투	431	548	36	2	15	0	10	804
청주시상당구	용암제1동제3투	556	651	40	2	16	1	18	764
청주시상당구	용암제1동제4투	489	516	33	2	18	0	21	816
청주시상당구	용암제1동제5투	676	831	55	3	19	0	24	971
청주시상당구	용암제1동제6투	891	858	61	1	29	1	14	1214
청주시상당구	용암제1동제7투	717	716	48	1	25	0	17	991
청주시상당구	용암제1동제8투	609	585	32	1	20	0	17	1314
청주시상당구	용암제1동제9투	991	1004	64	0	17	0	26	1146
청주시상당구	용암제1동제10투	994	786	56	1	11	0	12	692
청주시상당구	용암제1동제11투	1156	891	64	2	23	1	24	978
청주시상당구	용암제1동제12투	927	763	70	2	16	0	17	858
청주시상당구	관내사전	3455	2699	190	1	44	4	27	0
청주시상당구	용암제2동제1투	456	544	37	0	16	0	12	934
청주시상당구	용암제2동제2투	776	912	63	1	15	2	30	981
청주시상당구	용암제2동제3투	887	906	72	0	21	1	19	829
청주시상당구	용암제2동제4투	788	715	68	0	29	0	18	1160
청주시상당구	용암제2동제5투	971	944	77	0	11	0	12	595
청주시상당구	용암제2동제6투	1064	1011	61	1	9	0	21	847
청주시상당구	용암제2동제7투	747	750	53	0	26	2	24	1039
청주시상당구	용암제2동제8투	1032	826	74	0	26	2	15	1230
청주시상당구	관외사전	7127	6471	465	20	178	9	241	185
