수원시팔달구	관내사전	1343	1283	58	2	21	0	18	0
수원시팔달구	행궁동제1투	478	603	34	1	15	0	16	1088
수원시팔달구	행궁동제2투	436	554	20	0	12	0	5	600
수원시팔달구	행궁동제3투	530	684	32	1	19	2	8	1328
수원시팔달구	관내사전	1079	931	43	0	22	1	14	-2
수원시팔달구	매교동투표소	764	895	46	2	22	1	14	1680
수원시팔달구	관내사전	911	778	34	0	5	0	6	1
수원시팔달구	매산동제1투	560	591	26	1	26	1	14	1770
수원시팔달구	매산동제2투	715	1123	54	3	11	0	15	652
수원시팔달구	매산동제3투	235	321	9	0	5	0	4	545
수원시팔달구	관내사전	2771	2210	112	2	37	1	23	0
수원시팔달구	고등동제1투	686	783	60	0	20	0	10	684
수원시팔달구	고등동제2투	843	854	66	1	16	0	22	999
수원시팔달구	고등동제3투	519	581	18	0	14	0	14	1275
수원시팔달구	고등동제4투	672	829	50	2	15	0	16	1150
수원시팔달구	관내사전	2574	1881	77	0	31	2	13	1
수원시팔달구	화서1동제1투	622	645	34	0	17	0	11	1069
수원시팔달구	화서1동제2투	696	781	40	1	10	0	5	1087
수원시팔달구	화서1동제3투	766	863	53	3	20	0	15	1195
수원시팔달구	화서1동제4투	452	585	31	0	18	1	9	850
수원시팔달구	화서1동제5투	1163	952	62	3	23	1	19	932
수원시팔달구	관내사전	3344	2307	129	3	16	1	25	0
수원시팔달구	화서2동제1투	572	718	34	2	19	0	9	536
수원시팔달구	화서2동제2투	572	711	32	1	10	0	11	629
수원시팔달구	화서2동제3투	611	626	52	0	8	0	14	475
수원시팔달구	화서2동제4투	925	887	59	1	12	1	13	745
수원시팔달구	화서2동제5투	640	822	43	0	8	1	13	657
수원시팔달구	화서2동제6투	1046	930	70	0	15	0	15	762
수원시팔달구	관내사전	1467	1466	38	1	24	0	15	0
수원시팔달구	지동제1투	517	523	23	1	18	0	8	919
수원시팔달구	지동제2투	280	379	15	2	8	0	10	517
수원시팔달구	지동제3투	328	403	8	0	12	0	3	616
수원시팔달구	지동제4투	385	440	18	0	16	1	8	759
수원시팔달구	관내사전	1960	1640	85	4	25	2	19	1
수원시팔달구	우만1동제1투	617	619	41	1	19	0	23	1070
수원시팔달구	우만1동제2투	741	773	37	0	18	0	23	1203
수원시팔달구	우만1동제3투	649	667	24	1	20	0	12	835
수원시팔달구	우만1동제4투	732	624	30	1	16	0	23	1102
수원시팔달구	우만1동제5투	402	390	10	4	11	1	22	484
수원시팔달구	우만1동제6투	452	565	27	0	11	0	5	450
수원시팔달구	관내사전	2375	2182	134	3	18	1	29	0
수원시팔달구	우만2동제1투	597	710	51	0	15	0	24	1024
수원시팔달구	우만2동제2투	528	717	49	2	11	0	22	681
수원시팔달구	우만2동제3투	644	854	44	0	6	0	12	586
수원시팔달구	우만2동제4투	690	782	44	0	6	0	14	525
수원시팔달구	관내사전	2413	1985	116	0	32	0	35	1
수원시팔달구	인계동제1투	760	1031	48	1	13	0	32	1644
수원시팔달구	인계동제2투	938	948	44	0	16	1	20	1489
수원시팔달구	인계동제3투	907	895	46	2	29	0	13	1405
수원시팔달구	인계동제4투	878	1093	54	0	10	1	25	993
수원시팔달구	인계동제5투	1154	1152	69	0	8	0	22	825
수원시팔달구	인계동제6투	596	664	32	2	20	0	38	1670
수원시팔달구	인계동제7투	673	691	29	0	20	0	15	1399
수원시팔달구	인계동제8투	713	764	39	0	19	0	27	974
수원시팔달구	관외사전	9103	7366	470	9	158	10	210	240
