수원시장안구	관내사전	3181	2392	135	6	33	0	30	-1
수원시장안구	파장동제1투	346	415	20	0	15	0	14	690
수원시장안구	파장동제2투	673	686	37	0	14	0	17	846
수원시장안구	파장동제3투	581	631	40	1	12	1	14	973
수원시장안구	파장동제4투	479	512	29	0	9	1	14	695
수원시장안구	파장동제5투	472	502	29	1	16	1	13	918
수원시장안구	파장동제6투	786	726	54	0	8	0	21	432
수원시장안구	파장동제7투	739	746	30	0	5	0	13	344
수원시장안구	관내사전	4161	3316	152	4	25	1	77	0
수원시장안구	율천동제1투	710	915	61	2	11	1	41	870
수원시장안구	율천동제2투	736	795	49	1	12	0	32	1084
수원시장안구	율천동제3투	806	770	71	0	3	1	22	340
수원시장안구	율천동제4투	1301	913	60	3	16	0	21	646
수원시장안구	율천동제5투	793	779	55	0	5	0	22	688
수원시장안구	율천동제6투	978	804	44	5	15	0	27	760
수원시장안구	율천동제7투	730	638	64	0	18	0	19	546
수원시장안구	율천동제8투	110	219	8	0	1	0	18	248
수원시장안구	율천동제9투	1344	1303	76	3	11	1	25	767
수원시장안구	율천동제10투	1065	964	62	1	13	3	25	712
수원시장안구	관내사전	3289	2458	129	3	23	1	21	15
수원시장안구	정자1동제1투	578	619	35	3	18	0	15	846
수원시장안구	정자1동제2투	412	418	19	0	10	0	10	717
수원시장안구	정자1동제3투	980	1015	57	1	19	1	21	1036
수원시장안구	정자1동제4투	996	981	50	1	23	0	17	892
수원시장안구	정자1동제5투	1206	1075	62	1	10	0	22	660
수원시장안구	정자1동제6투	1133	1115	63	1	7	0	18	618
수원시장안구	관내사전	2758	2288	98	5	39	0	28	0
수원시장안구	정자2동제1투	480	604	34	2	16	0	16	953
수원시장안구	정자2동제2투	785	768	47	0	11	0	14	825
수원시장안구	정자2동제3투	675	691	35	1	8	0	23	1019
수원시장안구	정자2동제4투	730	788	40	3	21	0	17	977
수원시장안구	정자2동제5투	870	789	51	3	14	0	24	586
수원시장안구	정자2동제6투	937	858	45	1	16	0	27	827
수원시장안구	정자2동제7투	791	670	50	0	17	0	6	491
수원시장안구	정자2동제8투	1303	1183	74	1	12	0	25	893
수원시장안구	관내사전	4976	3122	220	3	20	0	30	0
수원시장안구	정자3동제1투	661	609	36	0	12	0	8	610
수원시장안구	정자3동제2투	708	729	43	0	5	0	18	442
수원시장안구	정자3동제3투	1036	756	73	0	14	1	7	669
수원시장안구	정자3동제4투	936	716	67	2	11	0	19	505
수원시장안구	정자3동제5투	1311	1063	91	2	11	0	14	793
수원시장안구	정자3동제6투	1340	1122	71	0	6	0	26	708
수원시장안구	정자3동제7투	687	608	48	0	12	0	17	505
수원시장안구	정자3동제8투	1210	838	75	0	17	1	13	689
수원시장안구	정자3동제9투	596	624	47	3	11	0	19	540
수원시장안구	관내사전	2282	2063	71	1	25	0	16	0
수원시장안구	영화동제1투	547	588	25	0	15	0	12	1120
수원시장안구	영화동제2투	532	680	18	2	17	1	19	1066
수원시장안구	영화동제3투	741	858	38	1	28	0	15	1089
수원시장안구	영화동제4투	605	689	33	3	16	0	10	898
수원시장안구	영화동제5투	670	675	33	0	16	1	7	1020
수원시장안구	관내사전	2443	1781	93	2	24	1	21	0
수원시장안구	송죽동제1투	629	603	48	3	16	0	23	900
수원시장안구	송죽동제2투	719	728	24	1	10	0	15	886
수원시장안구	송죽동제3투	519	495	20	0	11	0	16	700
수원시장안구	송죽동제4투	630	724	36	3	15	0	17	1035
수원시장안구	송죽동제5투	705	669	45	0	3	0	20	664
수원시장안구	관내사전	3063	2372	115	2	41	0	16	0
수원시장안구	조원1동제1투	801	688	44	0	23	0	11	1425
수원시장안구	조원1동제2투	754	632	29	1	17	1	16	896
수원시장안구	조원1동제3투	571	512	24	0	22	0	16	845
수원시장안구	조원1동제4투	648	684	31	2	14	1	12	813
수원시장안구	조원1동제5투	634	971	44	1	8	0	22	895
수원시장안구	조원1동제6투	571	601	29	2	11	0	5	530
수원시장안구	조원1동제7투	717	808	65	0	10	0	26	703
수원시장안구	관내사전	3195	3039	157	1	23	0	35	0
수원시장안구	조원2동제1투	735	941	45	1	11	0	16	790
수원시장안구	조원2동제2투	639	754	60	1	7	1	15	641
수원시장안구	조원2동제3투	703	743	61	2	9	0	12	616
수원시장안구	조원2동제4투	493	685	39	0	9	1	13	538
수원시장안구	관내사전	1633	1546	53	2	20	0	17	-1
수원시장안구	연무동제1투	249	303	21	0	8	0	8	554
수원시장안구	연무동제2투	403	555	18	1	13	0	8	758
수원시장안구	연무동제3투	523	729	24	0	17	1	14	792
수원시장안구	연무동제4투	567	719	18	0	11	0	12	888
수원시장안구	연무동제5투	705	896	41	1	15	0	17	1054
수원시장안구	관외사전	11841	10206	617	26	210	5	387	352
