안양시동안구	관내사전	2797	2255	97	0	11	1	26	0
안양시동안구	비산1동제1투	551	518	39	0	10	0	13	604
안양시동안구	비산1동제2투	306	273	20	0	1	0	5	175
안양시동안구	비산1동제3투	237	264	23	0	4	0	6	192
안양시동안구	비산1동제4투	1076	1059	59	0	15	0	23	739
안양시동안구	비산1동제5투	720	1111	27	0	1	0	20	569
안양시동안구	비산1동제6투	509	802	34	0	9	0	5	421
안양시동안구	비산1동제7투	611	645	43	0	5	2	11	403
안양시동안구	관내사전	2501	1993	91	3	12	2	13	0
안양시동안구	비산2동제1투	594	723	41	0	4	0	13	568
안양시동안구	비산2동제2투	916	951	62	1	10	0	13	645
안양시동안구	비산2동제3투	767	888	44	1	8	0	16	581
안양시동안구	관내사전	1874	1439	65	0	19	2	18	0
안양시동안구	비산3동제1투	624	629	21	0	10	1	13	623
안양시동안구	비산3동제2투	575	713	42	1	17	0	12	959
안양시동안구	비산3동제3투	720	793	23	0	14	0	12	964
안양시동안구	관내사전	2954	2286	141	1	17	0	18	0
안양시동안구	부흥동제1투	387	456	25	0	3	0	8	454
안양시동안구	부흥동제2투	476	598	26	0	6	1	16	358
안양시동안구	부흥동제3투	338	401	22	0	4	0	11	503
안양시동안구	부흥동제4투	786	816	60	3	6	0	27	492
안양시동안구	부흥동제5투	606	592	34	0	7	0	9	374
안양시동안구	관내사전	1959	1529	105	0	13	1	18	0
안양시동안구	달안동제1투	533	670	38	0	14	0	14	751
안양시동안구	달안동제2투	503	587	37	0	6	0	13	635
안양시동안구	달안동제3투	715	769	42	3	10	0	16	509
안양시동안구	관내사전	3604	2861	118	3	28	1	31	0
안양시동안구	관양1동제1투	742	653	30	0	10	0	13	959
안양시동안구	관양1동제2투	739	1119	40	1	13	1	11	799
안양시동안구	관양1동제3투	654	702	34	2	10	2	13	977
안양시동안구	관양1동제4투	698	712	43	0	12	0	12	872
안양시동안구	관양1동제5투	909	872	44	0	15	2	16	884
안양시동안구	관양1동제6투	756	822	48	0	10	0	22	786
안양시동안구	관양1동제7투	953	1082	58	0	9	0	14	673
안양시동안구	관양1동제8투	1005	965	59	1	9	0	25	762
안양시동안구	관내사전	2511	1972	94	5	22	0	30	3
안양시동안구	관양2동제1투	515	497	36	0	9	0	7	769
안양시동안구	관양2동제2투	540	526	35	1	11	0	15	863
안양시동안구	관양2동제3투	343	438	22	0	9	0	9	627
안양시동안구	관양2동제4투	727	1058	59	0	13	2	11	703
안양시동안구	관양2동제5투	963	999	69	0	3	0	8	472
안양시동안구	관내사전	3271	2300	125	0	14	1	23	0
안양시동안구	부림동제1투	665	705	47	0	8	0	17	802
안양시동안구	부림동제2투	693	641	45	0	4	0	17	538
안양시동안구	부림동제3투	900	851	54	1	7	1	12	572
안양시동안구	부림동제4투	884	763	45	0	6	0	14	533
안양시동안구	부림동제5투	676	788	44	1	8	0	17	587
안양시동안구	부림동제6투	835	889	57	1	14	0	26	1103
안양시동안구	관내사전	2351	1871	89	2	13	1	15	0
안양시동안구	평촌동제1투	778	840	56	0	11	0	16	579
안양시동안구	평촌동제2투	540	651	53	0	6	0	11	550
안양시동안구	평촌동제3투	881	1089	74	1	8	1	13	616
안양시동안구	관내사전	3229	2302	123	1	11	0	19	0
안양시동안구	평안동제1투	530	567	39	0	7	0	13	590
안양시동안구	평안동제2투	734	899	51	0	6	0	18	500
안양시동안구	평안동제3투	668	716	54	0	6	0	16	516
안양시동안구	평안동제4투	730	724	58	0	6	0	8	445
안양시동안구	평안동제5투	1141	1058	71	1	7	2	14	576
안양시동안구	관내사전	2040	1756	64	3	9	0	14	0
안양시동안구	귀인동제1투	612	978	38	1	4	0	13	484
안양시동안구	귀인동제2투	757	1102	59	0	2	0	22	617
안양시동안구	귀인동제3투	973	940	54	1	13	1	11	657
안양시동안구	관내사전	2206	1777	86	0	9	1	22	0
안양시동안구	호계1동제1투	328	393	15	0	9	0	7	564
안양시동안구	호계1동제2투	798	930	49	1	7	0	14	406
안양시동안구	호계1동제3투	1087	1261	71	0	9	1	12	635
안양시동안구	호계1동제4투	967	1036	77	1	9	1	17	595
안양시동안구	관내사전	1902	1628	69	0	7	1	12	-5
안양시동안구	호계2동제1투	1069	1018	80	1	9	0	16	772
안양시동안구	호계2동제2투	823	994	53	0	14	0	18	648
안양시동안구	호계2동제3투	909	889	52	3	17	1	27	798
안양시동안구	호계2동제4투	627	803	36	1	6	0	18	730
안양시동안구	관내사전	3278	2675	145	1	19	3	25	0
안양시동안구	호계3동제1투	725	808	40	1	12	0	11	823
안양시동안구	호계3동제2투	837	814	39	0	18	0	23	934
안양시동안구	호계3동제3투	578	545	23	0	6	0	14	526
안양시동안구	호계3동제4투	600	693	38	1	7	0	16	556
안양시동안구	호계3동제5투	785	925	44	0	8	0	18	719
안양시동안구	관내사전	2571	2236	150	2	11	1	24	0
안양시동안구	범계동제1투	637	915	52	0	8	0	11	709
안양시동안구	범계동제2투	543	680	47	1	5	0	11	514
안양시동안구	범계동제3투	468	867	42	0	4	0	11	393
안양시동안구	범계동제4투	456	795	38	0	1	1	7	335
안양시동안구	관내사전	2168	1811	77	2	13	0	13	0
안양시동안구	신촌동제1투	813	980	53	2	9	2	18	668
안양시동안구	신촌동제2투	783	899	63	0	13	0	21	703
안양시동안구	신촌동제3투	355	486	25	0	3	0	9	230
안양시동안구	관내사전	1453	1487	57	0	7	3	11	0
안양시동안구	갈산동제1투	530	875	52	1	10	0	9	588
안양시동안구	갈산동제2투	352	564	15	0	6	1	8	364
안양시동안구	갈산동제3투	564	533	24	1	10	0	12	591
안양시동안구	관외사전	11827	10767	612	14	160	6	345	537
