양산시	관내사전	7677	7174	302	10	107	3	94	1
양산시	물금읍제1투	247	513	12	2	10	0	6	473
양산시	물금읍제2투	857	995	64	1	29	0	23	1161
양산시	물금읍제3투	785	1338	53	1	37	1	22	1192
양산시	물금읍제4투	477	782	41	0	27	0	19	898
양산시	물금읍제5투	1339	1497	75	0	15	0	13	1072
양산시	물금읍제6투	531	811	36	0	27	0	27	868
양산시	물금읍제7투	399	570	25	1	21	0	12	616
양산시	물금읍제8투	604	753	51	1	20	1	28	524
양산시	물금읍제9투	590	864	45	0	26	0	15	1218
양산시	물금읍제10투	978	1075	50	1	17	0	20	774
양산시	물금읍제11투	1152	1395	68	1	34	1	29	1487
양산시	물금읍제12투	723	838	48	0	24	0	10	589
양산시	물금읍제13투	890	880	62	0	19	0	17	582
양산시	물금읍제14투	1196	1279	82	1	27	1	15	1407
양산시	물금읍제15투	403	553	20	0	21	0	8	776
양산시	물금읍제16투	806	1014	45	0	16	0	11	604
양산시	물금읍제17투	1336	1318	83	0	39	0	27	1529
양산시	물금읍제18투	1198	1358	61	1	26	0	24	1283
양산시	물금읍제19투	1030	1371	72	1	47	0	15	1499
양산시	물금읍제20투	774	788	48	1	16	0	24	486
양산시	물금읍제21투	1324	1770	78	1	23	0	27	1288
양산시	물금읍제22투	666	874	61	0	34	2	19	922
양산시	물금읍제23투	553	781	26	0	12	0	12	381
양산시	물금읍제24투	519	627	39	0	14	1	9	498
양산시	물금읍제25투	303	333	27	0	16	0	10	388
양산시	관내사전	1831	1894	67	0	19	2	22	0
양산시	동면제1투	906	1440	40	4	38	1	19	1924
양산시	동면제2투	607	920	35	1	34	0	13	847
양산시	동면제3투	490	740	25	0	25	1	12	538
양산시	동면제4투	103	364	6	0	7	0	4	205
양산시	동면제5투	1153	1138	69	1	22	0	14	1149
양산시	동면제6투	1136	1151	73	0	27	0	19	1583
양산시	동면제7투	1285	1246	74	0	19	0	20	914
양산시	동면제8투	495	706	37	0	5	0	21	491
양산시	관내사전	277	530	12	1	4	0	5	0
양산시	원동면제1투	91	360	3	0	13	0	5	311
양산시	원동면제2투	116	499	8	0	2	0	3	229
양산시	원동면제3투	55	223	4	0	5	0	1	135
양산시	관내사전	1383	2195	61	2	27	1	16	0
양산시	상북면제1투	175	381	17	0	10	0	7	385
양산시	상북면제2투	159	425	6	0	18	0	7	374
양산시	상북면제3투	230	444	17	0	8	0	8	485
양산시	상북면제4투	454	771	37	0	24	1	15	688
양산시	상북면제5투	310	510	12	1	13	0	11	516
양산시	상북면제6투	104	410	9	1	9	0	5	366
양산시	관내사전	849	1462	31	3	22	0	11	0
양산시	하북면제1투	315	734	17	1	18	0	13	797
양산시	하북면제2투	107	260	3	0	3	0	5	222
양산시	하북면제3투	81	327	5	1	11	0	2	263
양산시	하북면제4투	216	581	9	0	11	0	13	511
양산시	관내사전	1585	2268	68	2	31	1	15	0
양산시	중앙동제1투	422	694	32	0	30	0	22	988
양산시	중앙동제2투	320	746	17	1	15	0	16	789
양산시	중앙동제3투	238	532	8	1	13	1	7	682
양산시	중앙동제4투	240	637	8	1	24	0	12	734
양산시	관내사전	4389	4257	199	3	52	1	57	0
양산시	양주동제1투	343	583	28	0	16	0	14	702
양산시	양주동제2투	492	708	45	0	21	1	11	615
양산시	양주동제3투	512	671	46	0	25	0	18	475
양산시	양주동제4투	354	557	32	0	14	0	15	424
양산시	양주동제5투	415	583	37	0	14	1	9	468
양산시	양주동제6투	626	867	60	1	16	1	22	719
양산시	양주동제7투	948	996	73	1	27	1	25	680
양산시	양주동제8투	766	890	43	0	24	1	15	680
양산시	양주동제9투	729	735	53	2	11	1	23	397
양산시	양주동제10투	386	648	33	1	24	1	20	477
양산시	관내사전	2038	2311	78	5	66	1	23	0
양산시	삼성동제1투	571	898	50	1	35	0	32	1030
양산시	삼성동제2투	447	903	24	2	29	0	14	610
양산시	삼성동제3투	537	776	31	2	39	0	14	1195
양산시	삼성동제4투	448	629	31	0	36	0	14	993
양산시	삼성동제5투	388	537	27	0	21	0	14	734
양산시	삼성동제6투	483	658	18	0	34	0	16	935
양산시	관내사전	682	695	44	1	15	2	9	0
양산시	강서동제1투	913	1167	63	1	32	0	25	1178
양산시	강서동제2투	410	633	32	2	27	1	12	804
양산시	관내사전	2872	3142	133	0	66	4	38	0
양산시	서창동제1투	232	557	17	0	19	2	7	629
양산시	서창동제2투	600	793	50	0	27	0	19	891
양산시	서창동제3투	314	571	21	1	33	1	9	879
양산시	서창동제4투	1031	1096	72	0	35	1	22	1209
양산시	서창동제5투	381	627	30	1	24	0	8	796
양산시	서창동제6투	368	566	19	0	20	2	13	1130
양산시	서창동제7투	905	926	48	0	33	0	15	930
양산시	관내사전	1948	1976	86	2	33	2	26	0
양산시	소주동제1투	354	607	27	1	26	0	1	503
양산시	소주동제2투	491	689	32	0	31	0	16	809
양산시	소주동제3투	400	637	35	0	30	0	18	829
양산시	소주동제4투	373	517	38	0	21	0	7	499
양산시	소주동제5투	268	600	20	1	24	1	15	818
양산시	소주동제6투	768	1002	60	4	33	1	16	1190
양산시	관내사전	2765	2569	119	3	40	3	31	-1
양산시	평산동제1투	432	607	38	0	20	1	10	697
양산시	평산동제2투	439	736	29	0	28	0	13	861
양산시	평산동제3투	574	871	30	1	28	0	9	802
양산시	평산동제4투	393	607	30	0	14	0	10	468
양산시	평산동제5투	605	998	40	0	35	1	19	1689
양산시	평산동제6투	453	625	26	0	27	1	3	936
양산시	평산동제7투	278	697	29	0	14	0	11	612
양산시	평산동제8투	677	782	35	1	23	0	13	818
양산시	관내사전	2892	3364	129	2	73	1	22	0
양산시	덕계동제1투	564	973	40	0	27	0	12	1062
양산시	덕계동제2투	677	906	41	0	30	0	16	1050
양산시	덕계동제3투	420	686	34	1	16	0	10	794
양산시	덕계동제4투	591	657	40	3	24	0	11	651
양산시	관외사전	9105	10679	585	20	359	6	402	323
