창원시성산구	관내사전	3376	3827	197	2	32	1	33	0
창원시성산구	반송동제1투	462	806	38	0	13	0	9	435
창원시성산구	반송동제2투	483	924	42	1	15	0	13	498
창원시성산구	반송동제3투	516	803	54	3	6	2	6	405
창원시성산구	반송동제4투	577	877	51	0	9	0	10	447
창원시성산구	반송동제5투	557	821	46	0	5	0	15	457
창원시성산구	반송동제6투	536	888	47	1	16	0	10	501
창원시성산구	반송동제7투	583	903	56	0	13	0	20	611
창원시성산구	반송동제8투	486	894	32	0	18	0	17	731
창원시성산구	반송동제9투	490	899	52	0	25	0	22	658
창원시성산구	반송동제10투	530	847	52	0	21	3	20	714
창원시성산구	반송동제11투	708	1099	79	0	18	2	13	501
창원시성산구	관내사전	2347	2739	123	3	48	1	35	0
창원시성산구	중앙동제1투	341	627	41	0	18	0	12	1060
창원시성산구	중앙동제2투	443	870	34	2	30	0	20	1526
창원시성산구	중앙동제3투	320	687	28	0	22	1	15	687
창원시성산구	중앙동제4투	553	923	43	1	36	0	13	1332
창원시성산구	중앙동제5투	422	613	33	0	24	1	13	641
창원시성산구	중앙동제6투	769	1068	66	2	14	1	19	741
창원시성산구	중앙동제7투	1017	1388	90	1	37	2	23	798
창원시성산구	중앙동제8투	655	1008	55	2	16	1	19	490
창원시성산구	중앙동제9투	376	1015	18	0	6	0	15	390
창원시성산구	관내사전	2579	3368	168	0	31	2	40	1
창원시성산구	용지동제1투	765	1345	69	0	13	0	18	919
창원시성산구	용지동제2투	399	821	32	0	18	0	24	725
창원시성산구	용지동제3투	541	916	71	1	27	1	24	790
창원시성산구	용지동제4투	514	907	40	0	19	4	21	744
창원시성산구	용지동제5투	562	1179	62	0	36	1	26	1117
창원시성산구	용지동제6투	537	1087	60	1	17	0	20	660
창원시성산구	용지동제7투	291	482	38	1	20	1	10	535
창원시성산구	관내사전	3916	4510	221	3	69	2	39	0
창원시성산구	상남동제1투	628	787	55	0	26	0	14	738
창원시성산구	상남동제2투	480	652	43	0	15	1	17	656
창원시성산구	상남동제3투	528	971	64	0	13	0	14	623
창원시성산구	상남동제4투	635	1108	58	0	21	0	16	672
창원시성산구	상남동제5투	711	1069	68	0	24	0	15	833
창원시성산구	상남동제6투	476	969	40	0	25	1	10	928
창원시성산구	관내사전	4420	4536	305	3	84	1	38	0
창원시성산구	사파동제1투	813	1199	54	1	28	2	22	1063
창원시성산구	사파동제2투	539	913	49	1	28	0	22	707
창원시성산구	사파동제3투	427	543	34	1	10	1	20	449
창원시성산구	사파동제4투	664	982	81	0	25	1	28	740
창원시성산구	사파동제5투	680	969	80	0	20	0	13	892
창원시성산구	사파동제6투	631	881	66	1	18	1	17	526
창원시성산구	사파동제7투	250	522	25	0	21	0	12	676
창원시성산구	사파동제8투	558	816	68	1	33	1	15	722
창원시성산구	사파동제9투	789	958	71	1	17	0	29	706
창원시성산구	사파동제10투	678	800	70	0	17	0	11	560
창원시성산구	사파동제11투	869	971	92	1	27	1	27	727
창원시성산구	관내사전	3988	4032	254	8	64	3	44	0
창원시성산구	가음정동제1투	420	624	31	0	9	0	13	613
창원시성산구	가음정동제2투	786	973	80	0	15	1	18	609
창원시성산구	가음정동제3투	695	1031	65	0	17	1	18	635
창원시성산구	가음정동제4투	347	581	41	0	21	0	14	527
창원시성산구	가음정동제5투	892	1163	60	2	23	0	21	714
창원시성산구	가음정동제6투	747	1113	77	0	15	0	18	629
창원시성산구	가음정동제7투	656	942	53	2	11	1	21	572
창원시성산구	가음정동제8투	390	687	34	0	22	0	7	697
창원시성산구	가음정동제9투	509	651	48	0	28	0	23	595
창원시성산구	가음정동제10투	765	1093	77	0	32	2	34	820
창원시성산구	관내사전	2484	2405	144	1	24	2	29	0
창원시성산구	성주동제1투	568	1211	58	1	29	1	19	772
창원시성산구	성주동제2투	505	641	35	0	24	1	13	725
창원시성산구	성주동제3투	694	748	50	0	25	1	21	742
창원시성산구	성주동제4투	638	711	51	2	23	1	13	536
창원시성산구	성주동제5투	709	1093	60	0	8	0	28	503
창원시성산구	성주동제6투	544	1020	45	2	13	2	15	477
창원시성산구	관내사전	928	1165	65	1	31	0	12	0
창원시성산구	웅남동제1투	159	403	11	0	12	0	7	364
창원시성산구	웅남동제2투	405	580	37	0	22	0	15	446
창원시성산구	웅남동제3투	269	504	23	0	16	1	21	422
창원시성산구	웅남동제4투	86	196	2	0	9	0	5	98
창원시성산구	관외사전	7566	10728	666	17	283	12	352	286
