성남시수정구	관내사전	2482	1247	64	2	9	0	17	1
성남시수정구	신흥1동제1투	693	453	24	0	5	0	10	1109
성남시수정구	신흥1동제2투	537	357	17	0	10	0	10	848
성남시수정구	신흥1동제3투	548	383	27	0	16	0	8	818
성남시수정구	신흥1동제4투	620	483	22	0	7	0	12	876
성남시수정구	관내사전	1825	1571	55	0	16	0	10	0
성남시수정구	신흥2동제1투	537	342	22	1	1	0	3	683
성남시수정구	신흥2동제2투	803	915	42	0	11	0	20	863
성남시수정구	신흥2동제3투	838	1144	50	1	11	0	17	580
성남시수정구	신흥2동제4투	905	1182	69	1	10	1	28	702
성남시수정구	관내사전	2203	1521	49	1	13	0	21	-2
성남시수정구	신흥3동제1투	672	477	19	0	7	0	8	1050
성남시수정구	신흥3동제2투	486	362	21	0	10	1	9	821
성남시수정구	신흥3동제3투	686	542	24	2	14	0	10	1173
성남시수정구	관내사전	2933	1794	99	2	14	1	25	0
성남시수정구	태평1동제1투	711	576	27	0	6	1	17	1000
성남시수정구	태평1동제2투	723	582	28	1	10	0	16	839
성남시수정구	태평1동제3투	599	439	18	0	12	0	15	852
성남시수정구	태평1동제4투	697	462	23	0	5	0	16	808
성남시수정구	관내사전	1838	1009	44	1	22	0	8	0
성남시수정구	태평2동제1투	566	385	19	0	8	0	15	916
성남시수정구	태평2동제2투	827	600	28	0	12	0	15	855
성남시수정구	태평2동제3투	392	239	13	0	4	0	2	542
성남시수정구	태평2동제4투	539	417	16	1	8	0	14	661
성남시수정구	태평2동제5투	558	402	24	0	8	0	11	614
성남시수정구	관내사전	2367	1359	55	1	15	2	17	0
성남시수정구	태평3동제1투	652	517	37	0	8	0	8	703
성남시수정구	태평3동제2투	572	383	14	1	12	0	10	723
성남시수정구	태평3동제3투	588	419	21	0	15	0	11	772
성남시수정구	태평3동제4투	715	549	13	0	12	0	16	836
성남시수정구	관내사전	1811	1055	58	2	20	0	23	0
성남시수정구	태평4동제1투	466	336	17	0	10	0	11	747
성남시수정구	태평4동제2투	598	382	20	0	17	0	14	956
성남시수정구	태평4동제3투	439	329	15	0	3	0	10	719
성남시수정구	태평4동제4투	659	448	23	0	16	0	16	624
성남시수정구	관내사전	1911	1082	46	3	13	0	24	0
성남시수정구	수진1동제1투	536	329	22	0	6	0	13	933
성남시수정구	수진1동제2투	685	477	23	0	10	1	13	805
성남시수정구	수진1동제3투	470	332	15	0	9	0	11	845
성남시수정구	수진1동제4투	553	415	20	2	8	0	14	790
성남시수정구	관내사전	2200	1292	46	2	9	0	18	0
성남시수정구	수진2동제1투	590	498	19	0	9	0	8	817
성남시수정구	수진2동제2투	691	499	14	1	13	0	9	792
성남시수정구	수진2동제3투	361	262	14	0	6	0	7	481
성남시수정구	수진2동제4투	540	419	21	0	10	0	6	475
성남시수정구	수진2동제5투	773	814	30	0	5	1	11	581
성남시수정구	관내사전	1954	1269	55	0	12	2	13	0
성남시수정구	단대동제1투	680	595	35	1	4	0	15	822
성남시수정구	단대동제2투	875	859	34	0	8	1	14	739
성남시수정구	단대동제3투	574	402	18	1	12	0	9	659
성남시수정구	단대동제4투	482	387	20	1	8	1	16	555
성남시수정구	관내사전	1285	752	46	1	10	0	8	0
성남시수정구	산성동제1투	928	573	35	0	11	0	17	842
성남시수정구	산성동제2투	101	96	4	1	1	0	0	283
성남시수정구	관내사전	2271	1293	57	6	16	1	19	0
성남시수정구	양지동제1투	686	472	34	1	9	0	7	818
성남시수정구	양지동제2투	662	458	17	0	16	0	7	680
성남시수정구	양지동제3투	467	363	18	0	11	0	9	509
성남시수정구	관내사전	1916	1214	69	1	9	1	9	0
성남시수정구	복정동제1투	479	477	29	0	4	0	12	658
성남시수정구	복정동제2투	639	550	32	0	13	1	11	856
성남시수정구	복정동제3투	639	560	43	0	9	0	17	711
성남시수정구	관내사전	4662	4397	139	2	16	0	35	-1
성남시수정구	위례동제1투	597	1038	33	0	2	1	4	554
성남시수정구	위례동제2투	788	1312	43	1	5	0	8	605
성남시수정구	위례동제3투	1023	1159	62	0	4	0	8	767
성남시수정구	위례동제4투	499	587	26	0	5	0	8	707
성남시수정구	위례동제5투	674	1014	44	0	8	1	9	660
성남시수정구	위례동제6투	538	385	24	0	5	1	8	493
성남시수정구	위례동제7투	659	691	37	0	6	0	16	646
성남시수정구	위례동제8투	1304	819	31	3	10	0	22	1134
성남시수정구	위례동제9투	494	829	30	0	4	0	15	449
성남시수정구	위례동제10투	410	713	24	0	3	0	6	557
성남시수정구	관내사전	572	602	14	0	3	0	8	0
성남시수정구	신촌동투표소	539	672	34	0	14	0	18	772
성남시수정구	관내사전	1316	1177	38	0	14	0	12	0
성남시수정구	고등동제1투	904	818	38	2	16	0	22	647
성남시수정구	고등동제2투	806	1135	50	0	6	0	19	756
성남시수정구	관내사전	440	506	15	0	5	0	3	0
성남시수정구	시흥동투표소	317	607	18	0	3	0	5	573
성남시수정구	관외사전	12649	9945	495	11	147	4	280	333
