옹진군	관내사전	91	270	8	0	3	1	3	0
옹진군	북도면제1투	41	100	2	0	2	0	0	88
옹진군	북도면제2투	15	49	1	0	0	0	1	78
옹진군	북도면제3투	123	329	8	1	6	2	40	167
옹진군	관내사전	236	412	19	2	37	1	14	0
옹진군	연평면제1투	97	154	10	0	9	1	7	433
옹진군	연평면제2투	16	21	1	0	0	0	1	28
옹진군	관내사전	493	697	37	0	48	0	27	0
옹진군	백령면제1투	172	300	5	0	1	0	6	399
옹진군	백령면제2투	197	362	13	0	8	0	9	384
옹진군	백령면제3투	58	174	4	0	1	0	2	82
옹진군	백령면제4투	30	132	4	0	6	0	4	78
옹진군	관내사전	125	320	13	2	15	1	10	0
옹진군	대청면제1투	41	121	4	0	7	0	3	109
옹진군	대청면제2투	20	45	2	0	2	0	3	88
옹진군	대청면제3투	38	96	1	0	4	1	3	32
옹진군	관내사전	187	286	9	1	8	1	2	0
옹진군	덕적면제1투	51	83	6	0	4	0	2	151
옹진군	덕적면제2투	52	86	0	0	0	0	2	59
옹진군	덕적면제3투	29	64	1	0	0	0	0	36
옹진군	덕적면제4투	15	40	1	0	0	0	1	14
옹진군	덕적면제5투	3	23	1	0	0	0	1	15
옹진군	덕적면제6투	9	22	0	0	0	0	0	14
옹진군	관내사전	65	131	4	0	2	0	1	0
옹진군	자월면제1투	48	87	2	0	2	0	4	114
옹진군	자월면제2투	29	85	1	0	1	0	2	40
옹진군	자월면제3투	34	112	2	0	1	0	2	43
옹진군	자월면제4투	8	51	1	0	0	0	1	16
옹진군	관내사전	839	1059	31	3	18	4	24	0
옹진군	영흥면제1투	304	372	19	0	8	0	8	644
옹진군	영흥면제2투	240	380	17	1	4	0	5	439
옹진군	영흥면제3투	113	250	3	0	2	0	5	181
옹진군	관외사전	1399	2084	74	6	52	1	56	15
