전주시완산구	관내사전	2632	525	46	1	6	0	12	0
전주시완산구	중앙동제1투	532	111	11	0	9	0	8	453
전주시완산구	중앙동제2투	617	261	14	1	7	0	12	579
전주시완산구	중앙동제3투	380	70	11	0	1	0	10	317
전주시완산구	관내사전	1619	261	36	0	9	1	10	0
전주시완산구	풍남동제1투	429	111	11	1	0	0	5	422
전주시완산구	풍남동제2투	528	101	4	1	7	0	2	429
전주시완산구	관내사전	2789	377	52	1	8	0	15	1
전주시완산구	노송동제1투	667	144	17	1	1	0	5	555
전주시완산구	노송동제2투	310	72	4	0	0	0	0	299
전주시완산구	노송동제3투	826	162	16	1	8	0	8	536
전주시완산구	노송동제4투	554	109	15	1	7	1	5	440
전주시완산구	노송동제5투	449	79	4	0	2	0	7	381
전주시완산구	관내사전	1773	253	27	1	4	1	18	0
전주시완산구	완산동제1투	723	123	9	0	4	0	11	503
전주시완산구	완산동제2투	580	141	12	0	8	2	9	552
전주시완산구	관내사전	2159	280	37	0	11	0	13	0
전주시완산구	동서학동제1투	549	116	8	1	5	0	5	493
전주시완산구	동서학동제2투	242	51	4	1	1	0	3	243
전주시완산구	동서학동제3투	530	106	13	0	2	0	8	378
전주시완산구	관내사전	3011	351	39	0	12	0	13	0
전주시완산구	서서학동제1투	508	113	15	0	7	0	7	485
전주시완산구	서서학동제2투	700	113	10	0	8	0	13	623
전주시완산구	서서학동제3투	577	123	16	0	6	0	4	467
전주시완산구	관내사전	4608	749	81	1	25	0	24	0
전주시완산구	중화산1동제1투	998	231	27	0	8	0	9	884
전주시완산구	중화산1동제2투	1038	265	22	1	2	1	15	776
전주시완산구	중화산1동제3투	890	252	30	0	8	0	8	634
전주시완산구	관내사전	4774	775	83	1	19	2	21	0
전주시완산구	중화산2동제1투	980	348	23	0	5	0	16	641
전주시완산구	중화산2동제2투	947	207	26	1	26	1	15	1189
전주시완산구	중화산2동제3투	1063	232	36	0	11	0	8	942
전주시완산구	중화산2동제4투	826	153	15	0	11	0	7	600
전주시완산구	관내사전	4514	566	69	1	12	4	39	1
전주시완산구	평화1동제1투	895	159	17	1	11	0	14	900
전주시완산구	평화1동제2투	716	162	9	2	8	0	15	931
전주시완산구	평화1동제3투	1071	186	28	0	11	0	14	761
전주시완산구	관내사전	9147	1170	120	4	32	1	29	1
전주시완산구	평화2동제1투	810	197	15	0	8	0	10	662
전주시완산구	평화2동제2투	1189	236	26	3	19	0	10	875
전주시완산구	평화2동제3투	637	105	9	0	11	0	11	623
전주시완산구	평화2동제4투	1638	231	24	1	14	0	11	669
전주시완산구	평화2동제5투	545	74	6	0	7	0	7	320
전주시완산구	평화2동제6투	1464	270	40	0	13	0	14	676
전주시완산구	평화2동제7투	1039	210	22	2	11	0	13	589
전주시완산구	평화2동제8투	1681	268	40	2	15	0	17	894
전주시완산구	평화2동제9투	1742	274	38	0	11	0	15	766
전주시완산구	평화2동제10투	1084	179	22	0	8	0	10	486
전주시완산구	관내사전	7336	1072	121	4	34	2	36	0
전주시완산구	서신동제1투	865	180	22	0	8	1	11	550
전주시완산구	서신동제2투	823	164	17	1	12	0	11	782
전주시완산구	서신동제3투	585	191	11	0	4	0	7	366
전주시완산구	서신동제4투	1566	408	36	0	9	0	14	682
전주시완산구	서신동제5투	923	163	24	0	8	1	6	632
전주시완산구	서신동제6투	860	155	16	0	6	0	16	373
전주시완산구	서신동제7투	933	141	32	0	8	0	8	471
전주시완산구	서신동제8투	1452	331	36	1	12	0	17	594
전주시완산구	서신동제9투	1431	258	41	0	8	1	18	530
전주시완산구	서신동제10투	1662	405	45	1	6	1	12	1142
전주시완산구	관내사전	3215	458	49	0	18	2	17	0
전주시완산구	삼천1동제1투	534	116	20	1	5	0	6	526
전주시완산구	삼천1동제2투	1432	290	26	0	7	0	13	693
전주시완산구	삼천1동제3투	566	117	11	0	16	0	12	505
전주시완산구	관내사전	4057	523	59	0	15	0	19	1
전주시완산구	삼천2동제1투	641	117	3	0	7	1	4	722
전주시완산구	삼천2동제2투	577	108	8	1	9	0	7	455
전주시완산구	삼천2동제3투	1036	257	23	3	11	0	17	590
전주시완산구	삼천2동제4투	811	149	19	0	14	1	14	709
전주시완산구	관내사전	6699	787	110	0	22	1	24	0
전주시완산구	삼천3동제1투	790	160	20	0	11	0	17	526
전주시완산구	삼천3동제2투	388	69	9	1	3	0	3	315
전주시완산구	삼천3동제3투	930	148	18	0	7	0	10	536
전주시완산구	삼천3동제4투	1044	172	19	1	5	0	13	477
전주시완산구	삼천3동제5투	1064	209	20	1	10	2	11	700
전주시완산구	삼천3동제6투	1064	184	33	0	8	0	4	461
전주시완산구	관내사전	3359	528	43	2	15	0	23	0
전주시완산구	효자1동제1투	861	214	29	0	5	0	12	723
전주시완산구	효자1동제2투	766	179	9	0	4	0	7	686
전주시완산구	효자1동제3투	744	178	21	0	1	0	8	458
전주시완산구	관내사전	3475	485	57	2	23	1	27	0
전주시완산구	효자2동제1투	985	215	24	0	12	0	15	644
전주시완산구	효자2동제2투	581	129	10	0	7	0	9	417
전주시완산구	효자2동제3투	812	196	22	1	6	1	7	669
전주시완산구	관내사전	4804	782	77	2	26	1	17	0
전주시완산구	효자3동제1투	585	165	15	0	9	0	6	474
전주시완산구	효자3동제2투	1069	221	35	0	7	0	5	627
전주시완산구	효자3동제3투	838	187	16	1	8	0	10	559
전주시완산구	효자3동제4투	903	149	21	1	6	1	14	484
전주시완산구	관내사전	6489	1001	107	4	27	3	34	0
전주시완산구	효자4동제1투	735	223	21	0	4	0	5	422
전주시완산구	효자4동제2투	1335	448	33	2	5	0	18	797
전주시완산구	효자4동제3투	962	222	25	1	3	0	8	538
전주시완산구	효자4동제4투	842	141	22	0	5	0	11	564
전주시완산구	효자4동제5투	990	212	24	0	6	1	19	684
전주시완산구	효자4동제6투	201	72	13	0	2	1	7	280
전주시완산구	효자4동제7투	1460	295	39	0	15	0	19	912
전주시완산구	효자4동제8투	1409	255	40	0	5	0	10	531
전주시완산구	효자4동제9투	1762	436	40	0	13	1	16	655
전주시완산구	관내사전	7078	1410	156	6	36	1	42	4
전주시완산구	효자5동제1투	1131	315	41	0	11	0	10	976
전주시완산구	효자5동제2투	1038	291	27	0	21	0	29	1124
전주시완산구	효자5동제3투	638	166	22	0	10	0	10	933
전주시완산구	효자5동제4투	1319	330	39	0	25	1	16	1336
전주시완산구	효자5동제5투	1082	345	27	0	1	0	16	573
전주시완산구	효자5동제6투	1739	315	44	2	16	1	13	757
전주시완산구	효자5동제7투	1574	348	34	1	12	0	22	913
전주시완산구	관외사전	25863	5715	667	27	303	13	450	327
