세종특별자치시	관내사전	3215	2774	142	8	42	0	45	3
세종특별자치시	조치원읍제1투	377	600	29	0	13	0	10	879
세종특별자치시	조치원읍제2투	306	439	14	0	13	0	11	628
세종특별자치시	조치원읍제3투	475	673	17	1	18	0	13	972
세종특별자치시	조치원읍제4투	875	984	50	1	23	0	31	1514
세종특별자치시	조치원읍제5투	730	748	45	3	14	0	10	845
세종특별자치시	조치원읍제6투	183	217	7	1	9	1	5	374
세종특별자치시	조치원읍제7투	363	490	21	2	13	0	8	872
세종특별자치시	조치원읍제8투	742	716	65	0	20	0	13	933
세종특별자치시	조치원읍제9투	592	697	51	1	21	1	14	929
세종특별자치시	조치원읍제10투	676	828	49	0	24	2	12	1096
세종특별자치시	조치원읍제11투	1132	986	86	1	21	0	13	1077
세종특별자치시	관내사전	1083	908	50	1	25	1	7	0
세종특별자치시	연기면투표소	266	438	13	0	13	1	9	738
세종특별자치시	관내사전	365	525	19	0	7	1	7	0
세종특별자치시	연동면제1투	178	329	5	0	4	0	8	369
세종특별자치시	연동면제2투	185	327	10	0	2	0	5	306
세종특별자치시	관내사전	1097	1052	51	1	28	1	16	0
세종특별자치시	부강면제1투	453	621	31	1	19	0	16	1045
세종특별자치시	부강면제2투	169	295	10	0	8	0	2	386
세종특별자치시	관내사전	1195	1386	57	2	14	0	20	1
세종특별자치시	금남면제1투	440	658	36	0	22	0	10	995
세종특별자치시	금남면제2투	162	347	14	1	4	1	3	339
세종특별자치시	금남면제3투	207	362	11	0	5	0	6	352
세종특별자치시	금남면제4투	127	297	9	1	4	0	6	303
세종특별자치시	관내사전	1069	950	42	1	13	0	12	1
세종특별자치시	장군면제1투	330	434	6	1	14	0	12	777
세종특별자치시	장군면제2투	315	425	20	1	8	0	5	848
세종특별자치시	장군면제3투	82	165	5	0	1	0	5	148
세종특별자치시	관내사전	1681	1469	55	1	21	0	13	2
세종특별자치시	연서면제1투	161	221	6	0	6	0	6	315
세종특별자치시	연서면제2투	110	176	5	0	4	0	3	150
세종특별자치시	연서면제3투	116	220	7	0	6	0	6	267
세종특별자치시	연서면제4투	552	651	28	1	14	1	16	1034
세종특별자치시	관내사전	771	821	37	1	16	0	11	0
세종특별자치시	전의면제1투	231	419	18	0	10	1	11	583
세종특별자치시	전의면제2투	243	446	19	0	12	1	9	595
세종특별자치시	전의면제3투	123	223	13	0	4	0	0	161
세종특별자치시	관내사전	407	538	24	0	6	0	7	0
세종특별자치시	전동면제1투	160	291	15	0	3	0	8	395
세종특별자치시	전동면제2투	90	183	6	0	3	0	0	141
세종특별자치시	전동면제3투	74	149	1	0	2	0	1	443
세종특별자치시	관내사전	299	416	21	0	6	0	6	1
세종특별자치시	소정면투표소	197	394	16	0	8	1	7	532
세종특별자치시	관내사전	3124	1872	111	0	19	2	16	1
세종특별자치시	한솔동제1투	696	567	50	0	11	0	11	506
세종특별자치시	한솔동제2투	575	514	47	0	6	0	16	404
세종특별자치시	한솔동제3투	528	524	45	0	6	0	11	363
세종특별자치시	한솔동제4투	676	663	58	0	4	1	16	800
세종특별자치시	관내사전	4419	2883	202	5	23	4	34	0
세종특별자치시	도담동제1투	467	397	34	1	12	0	14	574
세종특별자치시	도담동제2투	494	629	49	2	12	0	17	652
세종특별자치시	도담동제3투	807	688	48	0	9	0	17	754
세종특별자치시	도담동제4투	562	604	38	0	5	1	12	533
세종특별자치시	도담동제5투	834	947	63	2	7	0	11	729
세종특별자치시	도담동제6투	652	666	66	0	9	0	11	484
세종특별자치시	도담동제7투	354	424	35	1	6	0	10	576
세종특별자치시	관내사전	3972	2087	190	1	15	1	27	0
세종특별자치시	아름동제1투	802	585	67	0	8	0	16	635
세종특별자치시	아름동제2투	672	485	46	0	8	0	7	547
세종특별자치시	아름동제3투	807	677	49	0	14	1	15	733
세종특별자치시	아름동제4투	1108	760	81	1	7	0	12	577
세종특별자치시	관내사전	4710	2986	207	3	31	1	31	0
세종특별자치시	종촌동제1투	771	604	35	0	11	0	10	836
세종특별자치시	종촌동제2투	369	330	24	0	6	0	2	436
세종특별자치시	종촌동제3투	904	688	66	0	4	0	3	605
세종특별자치시	종촌동제4투	689	603	39	0	6	0	6	464
세종특별자치시	종촌동제5투	638	673	38	1	14	0	16	790
세종특별자치시	종촌동제6투	581	478	36	0	14	1	16	580
세종특별자치시	관내사전	3649	2090	128	5	20	0	16	0
세종특별자치시	고운동제1투	1077	993	63	0	15	0	18	927
세종특별자치시	고운동제2투	817	645	60	1	16	0	11	764
세종특별자치시	고운동제3투	1176	908	60	0	23	0	25	1122
세종특별자치시	고운동제4투	958	703	81	0	23	2	12	921
세종특별자치시	고운동제5투	812	719	60	0	8	0	7	836
세종특별자치시	관내사전	3399	2174	157	2	28	1	41	0
세종특별자치시	보람동제1투	772	792	62	0	7	1	20	775
세종특별자치시	보람동제2투	576	566	45	1	10	0	4	596
세종특별자치시	보람동제3투	885	763	66	0	7	0	17	901
세종특별자치시	관내사전	4683	3050	199	0	34	1	40	0
세종특별자치시	새롬동제1투	501	610	32	0	13	1	12	634
세종특별자치시	새롬동제2투	876	937	65	2	10	0	9	816
세종특별자치시	새롬동제3투	930	884	51	0	12	0	6	848
세종특별자치시	새롬동제4투	819	774	61	2	15	0	20	804
세종특별자치시	새롬동제5투	904	852	69	1	17	0	15	848
세종특별자치시	새롬동제6투	844	747	68	0	9	0	9	890
세종특별자치시	관내사전	2260	1605	97	1	9	0	25	2
세종특별자치시	대평동제1투	610	725	57	1	7	0	16	657
세종특별자치시	대평동제2투	627	642	52	0	11	0	12	858
세종특별자치시	관내사전	3216	1958	143	3	18	0	17	0
세종특별자치시	소담동제1투	1114	1114	70	0	11	1	23	907
세종특별자치시	소담동제2투	800	686	47	0	12	0	14	796
세종특별자치시	소담동제3투	796	634	60	1	20	0	14	693
세종특별자치시	관내사전	4548	3044	246	2	31	2	47	1
세종특별자치시	다정동제1투	995	862	48	0	17	0	14	817
세종특별자치시	다정동제2투	801	683	84	2	19	0	25	992
세종특별자치시	다정동제3투	953	893	72	0	11	1	14	970
세종특별자치시	다정동제4투	749	717	53	0	11	0	19	878
세종특별자치시	관내사전	1755	987	69	0	11	0	10	0
세종특별자치시	해밀동투표소	915	739	71	2	8	0	12	888
세종특별자치시	관내사전	3140	2076	165	2	32	1	29	0
세종특별자치시	반곡동제1투	761	814	56	1	9	1	25	953
세종특별자치시	반곡동제2투	533	481	39	2	7	0	13	597
세종특별자치시	반곡동제3투	666	543	39	0	8	0	13	438
세종특별자치시	반곡동제4투	531	501	64	1	6	0	20	615
세종특별자치시	관외사전	17086	14958	961	20	259	13	502	391
