양구군	관내사전	1668	1127	292	35	5	31	0
양구군	양구읍제1투	95	181	10	1	0	1	133
양구군	양구읍제2투	86	145	12	1	0	1	109
양구군	양구읍제3투	226	386	66	3	0	5	373
양구군	양구읍제4투	124	275	28	1	1	3	201
양구군	양구읍제5투	530	783	128	15	2	13	825
양구군	양구읍제6투	215	531	64	12	4	4	548
양구군	양구읍제7투	16	46	4	0	0	1	29
양구군	관내사전	353	334	71	7	1	8	0
양구군	국토정중앙면제1투	70	114	10	2	0	0	90
양구군	국토정중앙면제2투	137	316	33	2	0	4	309
양구군	국토정중앙면제3투	94	237	14	1	0	9	204
양구군	관내사전	297	197	64	6	0	7	0
양구군	동면제1투	63	155	9	0	0	2	104
양구군	동면제2투	85	196	26	3	0	5	165
양구군	동면제3투	50	117	12	1	3	4	65
양구군	관내사전	154	103	38	3	0	1	0
양구군	방산면제1투	61	98	8	2	1	3	70
양구군	방산면제2투	67	114	11	0	0	0	48
양구군	방산면제3투	38	60	9	0	0	0	67
양구군	관내사전	249	139	18	1	1	3	0
양구군	해안면투표소	126	238	18	1	0	1	225
양구군	관외사전	748	604	233	15	3	16	13
