수원시팔달구	관내사전	1424	677	160	20	3	12	0
수원시팔달구	행궁동제1투	368	642	72	9	4	7	749
수원시팔달구	행궁동제2투	372	586	48	6	1	7	547
수원시팔달구	행궁동제3투	376	727	109	9	2	9	1184
수원시팔달구	관내사전	2250	898	277	25	2	13	0
수원시팔달구	매교동제1투	694	970	211	11	1	16	1456
수원시팔달구	매교동제2투	1133	1249	396	31	5	20	694
수원시팔달구	매교동제3투	1056	1034	284	15	1	16	520
수원시팔달구	매교동제4투	958	977	255	24	3	11	570
수원시팔달구	관내사전	966	378	136	15	2	11	0
수원시팔달구	매산동제1투	530	684	134	11	4	11	1597
수원시팔달구	매산동제2투	714	1122	160	12	0	14	558
수원시팔달구	매산동제3투	257	354	56	5	2	6	500
수원시팔달구	관내사전	2764	987	363	50	6	25	0
수원시팔달구	고등동제1투	829	947	223	20	2	19	727
수원시팔달구	고등동제2투	1044	1023	291	25	6	11	873
수원시팔달구	고등동제3투	293	488	63	4	2	8	868
수원시팔달구	고등동제4투	581	908	108	9	1	12	1044
수원시팔달구	관내사전	2455	921	192	21	6	10	0
수원시팔달구	화서1동제1투	499	846	116	17	3	10	867
수원시팔달구	화서1동제2투	580	839	111	12	4	18	837
수원시팔달구	화서1동제3투	727	931	127	22	4	13	982
수원시팔달구	화서1동제4투	458	709	69	7	0	7	719
수원시팔달구	화서1동제5투	1177	1037	210	30	4	23	732
수원시팔달구	관내사전	2853	912	364	37	3	18	0
수원시팔달구	화서2동제1투	545	744	113	15	0	13	474
수원시팔달구	화서2동제2투	558	762	187	11	1	11	546
수원시팔달구	화서2동제3투	570	658	163	15	1	13	332
수원시팔달구	화서2동제4투	874	965	176	24	3	12	690
수원시팔달구	화서2동제5투	641	872	193	22	1	16	553
수원시팔달구	화서2동제6투	1054	1004	217	36	3	11	631
수원시팔달구	관내사전	1460	727	131	11	1	25	0
수원시팔달구	지동제1투	359	668	60	8	2	6	740
수원시팔달구	지동제2투	312	487	67	10	2	4	564
수원시팔달구	지동제3투	254	397	29	4	3	7	411
수원시팔달구	지동제4투	382	496	78	6	1	11	576
수원시팔달구	우만1동제1투	473	732	126	19	5	18	893
수원시팔달구	우만1동제2투	652	844	115	16	2	13	982
수원시팔달구	우만1동제3투	544	646	127	14	2	7	738
수원시팔달구	우만1동제4투	566	678	156	25	2	11	986
수원시팔달구	우만1동제5투	325	411	28	5	0	17	355
수원시팔달구	우만1동제6투	416	498	94	10	1	6	362
수원시팔달구	관내사전	2517	971	551	27	6	37	0
수원시팔달구	우만2동제1투	624	980	263	15	2	30	929
수원시팔달구	우만2동제2투	444	824	193	16	1	12	641
수원시팔달구	우만2동제3투	683	908	171	18	0	11	526
수원시팔달구	우만2동제4투	758	797	168	17	1	12	472
수원시팔달구	관내사전	2891	1064	561	30	5	42	0
수원시팔달구	인계동제1투	699	1150	293	15	1	17	1632
수원시팔달구	인계동제2투	877	1050	225	10	3	22	1364
수원시팔달구	인계동제3투	352	455	110	12	0	9	834
수원시팔달구	인계동제4투	811	1169	172	25	0	13	847
수원시팔달구	인계동제5투	1187	1221	209	26	2	16	684
수원시팔달구	인계동제6투	410	699	300	12	0	19	1582
수원시팔달구	인계동제7투	567	702	138	13	0	12	1226
수원시팔달구	인계동제8투	615	708	136	17	2	13	862
수원시팔달구	인계동제9투	1827	1599	458	44	4	27	1020
