수원시영통구	매탄1동제1투	552	937	178	16	1	13	994
수원시영통구	매탄1동제2투	1231	1378	273	23	4	22	903
수원시영통구	관내사전	1675	707	225	20	3	9	0
수원시영통구	매탄2동제1투	445	693	133	8	0	5	841
수원시영통구	매탄2동제2투	445	786	90	7	2	10	775
수원시영통구	매탄2동제3투	670	786	135	17	3	11	580
수원시영통구	매탄2동제4투	509	533	111	17	1	10	369
수원시영통구	매탄3동제1투	1392	1220	289	33	4	13	731
수원시영통구	매탄3동제2투	968	920	233	23	2	19	924
수원시영통구	매탄3동제3투	891	915	256	26	4	18	720
수원시영통구	매탄3동제4투	740	927	200	28	4	20	703
수원시영통구	매탄3동제5투	634	862	196	17	4	15	741
수원시영통구	매탄3동제6투	717	986	170	22	2	10	613
수원시영통구	매탄3동제7투	412	538	252	5	4	19	899
수원시영통구	매탄4동제1투	485	758	150	18	3	17	912
수원시영통구	매탄4동제2투	700	835	171	15	2	16	716
수원시영통구	매탄4동제3투	528	634	137	10	1	15	758
수원시영통구	매탄4동제4투	788	769	167	16	2	11	667
수원시영통구	매탄4동제5투	737	1030	162	14	0	9	718
수원시영통구	원천동제1투	1035	1066	238	20	3	22	773
수원시영통구	원천동제2투	645	1149	255	17	6	16	1104
수원시영통구	원천동제3투	928	1107	363	24	2	13	1659
수원시영통구	원천동제4투	413	584	231	14	1	15	524
수원시영통구	원천동제5투	825	1327	304	19	0	29	819
수원시영통구	원천동제6투	1033	1353	260	22	1	8	685
수원시영통구	원천동제7투	1080	1822	296	26	1	10	808
수원시영통구	원천동제8투	1262	713	210	19	1	8	387
수원시영통구	광교1동제1투	801	1317	416	35	0	28	1075
수원시영통구	광교1동제2투	994	967	287	30	2	11	496
수원시영통구	광교1동제3투	839	1129	300	20	2	17	829
수원시영통구	광교1동제4투	889	1051	208	33	0	13	430
수원시영통구	광교1동제5투	1166	1486	334	29	2	17	665
수원시영통구	광교1동제6투	1069	1277	507	32	2	36	1034
수원시영통구	광교1동제7투	531	620	114	6	1	3	330
수원시영통구	광교1동제8투	807	878	353	27	2	16	569
수원시영통구	광교1동제9투	1060	1221	256	28	1	12	584
수원시영통구	광교1동제10투	1045	1180	243	19	1	16	505
수원시영통구	광교2동제1투	678	1019	229	15	1	14	572
수원시영통구	광교2동제2투	731	883	105	12	1	6	678
수원시영통구	광교2동제4투	966	914	199	25	1	11	451
수원시영통구	광교2동제5투	774	776	154	19	0	11	447
수원시영통구	영통1동제1투	685	785	203	20	1	14	718
수원시영통구	영통1동제2투	990	1118	295	33	2	17	843
수원시영통구	영통1동제3투	830	942	221	24	5	15	585
수원시영통구	영통1동제4투	1211	963	235	27	0	8	526
수원시영통구	영통1동제5투	1053	1322	287	22	4	16	832
수원시영통구	영통1동제6투	838	905	209	27	3	19	588
수원시영통구	영통2동제1투	679	762	266	24	1	15	557
수원시영통구	영통2동제2투	1218	1126	397	27	3	26	646
수원시영통구	영통2동제3투	798	894	342	33	3	23	624
수원시영통구	영통2동제4투	338	651	413	14	3	19	951
수원시영통구	영통3동제3투	641	566	189	16	0	8	324
수원시영통구	영통3동제4투	922	860	205	22	3	11	435
수원시영통구	영통3동제5투	1032	852	214	22	3	13	475
수원시영통구	영통3동제6투	654	564	232	12	0	13	443
수원시영통구	영통3동제7투	776	775	231	15	2	24	604
수원시영통구	관내사전	2731	933	399	36	4	31	0
수원시영통구	망포1동제1투	871	1047	210	25	1	12	663
수원시영통구	망포1동제2투	899	947	222	20	2	9	663
수원시영통구	망포1동제3투	514	577	197	14	1	19	812
수원시영통구	망포1동제4투	684	903	242	20	1	14	694
수원시영통구	망포1동제5투	649	728	176	16	1	3	625
수원시영통구	망포1동제6투	1200	1037	304	40	2	21	549
수원시영통구	관내사전	4675	1434	641	54	2	37	0
수원시영통구	망포2동제1투	561	714	139	12	0	4	563
수원시영통구	망포2동제2투	589	738	157	13	5	5	511
수원시영통구	망포2동제4투	1608	1287	433	32	1	20	771
수원시영통구	망포2동제5투	995	914	262	24	3	10	816
수원시영통구	망포2동제6투	1133	799	304	15	1	11	515
수원시영통구	관외사전	1482	550	297	35	1	27	458
