창원시성산구	관내사전	3959	2178	537	108	6	43	0
창원시성산구	반송동제1투	462	931	115	18	2	5	339
창원시성산구	반송동제3투	521	808	164	24	1	10	376
창원시성산구	반송동제4투	563	862	133	28	2	7	376
창원시성산구	반송동제5투	435	811	116	14	0	10	373
창원시성산구	반송동제6투	504	877	141	20	1	6	395
창원시성산구	반송동제8투	432	1013	100	20	2	8	602
창원시성산구	반송동제9투	478	927	110	23	1	11	580
창원시성산구	반송동제10투	501	882	117	21	3	14	564
창원시성산구	반송동제11투	721	1164	139	32	1	13	400
창원시성산구	중앙동제1투	329	831	132	9	2	11	969
창원시성산구	중앙동제2투	425	1146	226	16	0	18	1491
창원시성산구	중앙동제3투	306	765	110	15	2	8	634
창원시성산구	중앙동제4투	484	1040	222	15	1	15	1149
창원시성산구	중앙동제7투	993	1363	261	47	0	25	609
창원시성산구	중앙동제8투	611	925	117	26	4	10	470
창원시성산구	중앙동제9투	378	968	121	17	2	7	335
창원시성산구	관내사전	2474	1361	504	81	3	51	0
창원시성산구	용지동제1투	827	1518	279	31	0	22	805
창원시성산구	용지동제2투	409	1068	170	14	1	20	694
창원시성산구	용지동제3투	567	1063	143	37	2	20	683
창원시성산구	용지동제4투	441	888	109	15	3	6	641
창원시성산구	용지동제5투	637	1313	174	29	3	17	985
창원시성산구	용지동제6투	577	1154	166	31	1	11	561
창원시성산구	관내사전	3716	1971	606	89	6	46	0
창원시성산구	상남동제2투	411	746	121	20	2	15	558
창원시성산구	상남동제3투	598	1063	145	38	1	7	529
창원시성산구	상남동제5투	793	1204	198	42	1	9	738
창원시성산구	사파동제1투	763	1248	196	34	3	20	950
창원시성산구	사파동제2투	472	996	131	17	0	18	630
창원시성산구	사파동제3투	432	604	114	22	0	6	370
창원시성산구	사파동제4투	663	1055	152	41	3	15	645
창원시성산구	사파동제5투	642	1128	155	38	2	7	723
창원시성산구	사파동제7투	534	1089	186	36	3	16	872
창원시성산구	사파동제10투	725	833	126	35	0	9	434
창원시성산구	사파동제11투	890	974	221	46	7	11	569
창원시성산구	관내사전	4115	1858	551	98	0	49	0
창원시성산구	가음정동제1투	476	683	176	12	3	12	482
창원시성산구	가음정동제3투	747	1126	195	42	5	17	558
창원시성산구	가음정동제4투	247	466	62	17	0	2	290
창원시성산구	가음정동제5투	898	1234	165	32	4	15	600
창원시성산구	가음정동제6투	762	1130	168	34	7	12	506
창원시성산구	가음정동제8투	373	719	98	17	2	8	576
창원시성산구	가음정동제9투	517	635	133	25	2	15	492
창원시성산구	가음정동제10투	703	1122	154	41	2	19	624
창원시성산구	관내사전	2366	1072	341	69	8	22	0
창원시성산구	성주동제1투	670	1276	237	29	2	20	645
창원시성산구	성주동제2투	505	680	138	18	0	15	630
창원시성산구	성주동제3투	678	861	135	24	3	9	679
창원시성산구	성주동제4투	980	1284	234	41	4	34	725
창원시성산구	성주동제5투	715	1142	206	32	2	11	490
창원시성산구	성주동제6투	624	1009	172	33	1	15	451
창원시성산구	관내사전	949	605	155	29	2	15	0
창원시성산구	웅남동제1투	125	395	38	1	1	4	288
창원시성산구	웅남동제2투	377	659	99	19	4	6	410
창원시성산구	웅남동제3투	286	650	59	9	0	15	383
창원시성산구	웅남동제4투	60	212	40	2	1	5	125
