완도군	관내사전	6659	309	217	32	3	26	0
완도군	완도읍제1투	550	100	30	7	0	8	655
완도군	완도읍제2투	727	93	33	8	2	9	546
완도군	완도읍제3투	317	49	10	0	2	2	233
완도군	완도읍제4투	733	124	32	6	0	5	635
완도군	완도읍제5투	285	39	10	3	0	6	227
완도군	완도읍제6투	322	34	12	2	1	2	203
완도군	관내사전	1244	33	27	2	3	9	0
완도군	금일읍제1투	111	16	3	0	0	0	86
완도군	금일읍제2투	248	20	4	3	1	1	93
완도군	금일읍제3투	322	17	4	2	2	2	122
완도군	관내사전	1966	48	42	10	7	24	0
완도군	노화읍제1투	309	37	14	2	1	6	304
완도군	노화읍제2투	204	16	3	1	4	3	165
완도군	노화읍제3투	299	11	1	2	2	6	81
완도군	관내사전	1226	70	30	6	1	9	0
완도군	군외면제1투	196	57	6	3	1	2	237
완도군	군외면제2투	244	32	13	5	5	7	166
완도군	관내사전	1455	70	40	3	1	11	0
완도군	신지면제1투	222	27	15	3	1	5	237
완도군	신지면제2투	227	34	5	0	1	7	202
완도군	관내사전	1971	77	33	6	6	13	0
완도군	고금면제1투	233	42	9	3	1	2	280
완도군	고금면제2투	126	20	1	0	2	1	85
완도군	고금면제3투	126	11	6	2	1	3	91
완도군	관내사전	873	33	9	3	8	9	0
완도군	약산면제1투	192	42	4	1	2	5	193
완도군	약산면제2투	219	24	6	2	2	2	69
완도군	관내사전	934	45	25	9	3	8	0
완도군	청산면제1투	113	24	5	1	0	2	172
완도군	청산면제2투	74	21	1	0	0	2	48
완도군	청산면제3투	101	3	1	0	0	1	30
완도군	관내사전	1082	37	21	2	5	9	0
완도군	소안면제1투	116	21	3	1	0	2	150
완도군	소안면제2투	165	22	4	3	1	2	79
완도군	관내사전	472	19	10	2	4	9	0
완도군	금당면투표소	63	9	1	0	1	1	80
완도군	관내사전	1174	40	27	5	1	8	0
완도군	보길면제1투	123	17	8	3	1	2	118
완도군	보길면제2투	217	14	8	1	1	5	117
완도군	관내사전	325	10	7	1	4	9	0
완도군	생일면투표소	63	9	0	0	0	0	84
완도군	관외사전	961	41	23	7	3	24	79
