부평구	관내사전	4676	1985	599	66	8	48	0
부평구	부평1동제1투	479	738	125	15	1	9	789
부평구	부평1동제2투	601	634	207	16	4	18	1659
부평구	부평1동제3투	595	988	115	13	0	10	539
부평구	부평1동제4투	618	937	140	20	0	11	687
부평구	부평1동제5투	857	854	124	17	5	15	644
부평구	부평1동제6투	717	875	149	29	4	8	533
부평구	부평1동제7투	737	796	174	11	2	9	1224
부평구	부평1동제8투	767	901	179	24	4	16	1297
부평구	관내사전	2314	849	232	39	2	22	0
부평구	부평2동제1투	544	725	132	11	1	10	892
부평구	부평2동제2투	688	719	112	19	3	10	893
부평구	부평2동제3투	430	474	90	10	0	13	682
부평구	부평2동제4투	551	592	105	21	2	10	793
부평구	부평2동제5투	454	468	151	13	1	7	325
부평구	관내사전	2073	922	254	45	2	24	0
부평구	부평3동제1투	502	755	87	12	0	12	1055
부평구	부평3동제2투	589	646	143	18	1	15	505
부평구	부평3동제3투	779	833	123	29	0	14	1075
부평구	부평3동제4투	395	540	66	10	0	14	622
부평구	관내사전	4725	1369	614	80	5	48	1
부평구	부평4동제1투	1096	1032	227	21	4	21	1882
부평구	부평4동제2투	807	681	111	12	0	17	1050
부평구	부평4동제3투	660	803	149	16	2	11	789
부평구	부평4동제4투	587	599	110	10	3	8	777
부평구	부평4동제5투	633	774	120	11	0	11	959
부평구	부평4동제6투	743	598	123	17	1	10	994
부평구	부평4동제7투	779	675	159	20	2	11	1049
부평구	관내사전	3727	1112	358	51	4	44	1
부평구	부평5동제1투	894	842	183	23	3	11	2078
부평구	부평5동제2투	1225	937	199	20	1	13	1588
부평구	부평5동제3투	1239	1124	221	40	3	29	1949
부평구	부평5동제4투	789	779	159	22	1	13	1424
부평구	부평5동제5투	1223	1052	237	27	2	15	1337
부평구	관내사전	3130	1179	390	53	2	36	0
부평구	부평6동제1투	698	726	196	22	5	10	743
부평구	부평6동제2투	761	803	140	20	6	22	1040
부평구	부평6동제3투	706	735	162	15	0	16	1127
부평구	부평6동제4투	760	782	137	17	3	16	829
부평구	관내사전	1391	495	185	16	2	12	0
부평구	산곡1동제1투	632	634	156	17	3	13	754
부평구	산곡1동제2투	848	929	166	22	4	13	691
부평구	산곡1동제3투	361	498	69	12	0	5	487
부평구	산곡1동제4투	666	681	152	17	0	16	691
부평구	관내사전	2964	1068	317	45	5	27	1
부평구	산곡2동제1투	705	786	135	26	4	10	659
부평구	산곡2동제2투	644	681	121	20	0	16	515
부평구	산곡2동제3투	957	1067	171	26	0	12	881
부평구	산곡2동제5투	919	950	169	25	3	8	758
부평구	산곡2동제6투	1007	924	156	24	1	21	779
부평구	산곡3동제1투	565	946	123	26	2	15	716
부평구	산곡3동제2투	709	1125	148	21	4	12	872
부평구	산곡3동제3투	663	979	108	23	2	11	828
부평구	산곡3동제4투	444	943	87	15	1	9	501
부평구	산곡3동제5투	432	651	79	14	2	12	597
부평구	관내사전	3944	1381	415	61	4	38	0
부평구	산곡4동제1투	832	900	162	16	1	18	703
부평구	산곡4동제2투	610	775	114	10	1	14	622
부평구	산곡4동제3투	777	965	147	18	2	8	662
부평구	산곡4동제4투	650	834	145	21	2	14	616
부평구	관내사전	3099	962	357	42	2	26	0
부평구	청천1동제1투	950	890	192	24	2	15	1069
부평구	청천1동제2투	724	681	105	16	1	14	1164
부평구	청천1동제3투	929	880	224	18	1	16	709
부평구	청천1동제4투	1213	1153	271	32	6	22	797
부평구	관내사전	3177	1274	326	45	4	40	0
부평구	청천2동제1투	751	775	169	13	2	21	1500
부평구	청천2동제2투	834	1010	203	26	4	15	1014
부평구	청천2동제3투	662	707	134	22	0	5	572
부평구	청천2동제4투	753	613	141	26	2	13	562
부평구	청천2동제5투	724	687	173	31	1	10	505
부평구	청천2동제6투	693	655	150	21	2	10	582
부평구	청천2동제7투	651	714	107	21	1	17	612
부평구	청천2동제8투	689	747	117	15	6	12	882
부평구	관내사전	2561	907	275	28	3	23	0
부평구	갈산1동제1투	224	294	51	3	0	3	485
부평구	갈산1동제2투	756	818	156	18	1	27	1097
부평구	갈산1동제3투	697	813	147	16	0	11	906
부평구	갈산1동제4투	605	606	124	18	1	11	678
부평구	관내사전	2927	1380	288	47	4	24	0
부평구	갈산2동제1투	772	961	153	13	2	13	936
부평구	갈산2동제2투	565	609	87	16	0	14	679
부평구	갈산2동제3투	534	667	113	11	2	8	640
부평구	갈산2동제4투	710	1049	150	25	3	20	900
부평구	관내사전	4669	1408	382	74	4	33	1
부평구	삼산1동제1투	559	655	95	11	1	12	913
부평구	삼산1동제2투	1000	1011	174	29	4	13	770
부평구	삼산1동제3투	772	794	143	25	1	15	881
부평구	삼산1동제4투	470	449	89	9	0	3	569
부평구	삼산1동제5투	370	500	38	12	3	13	637
부평구	삼산1동제6투	927	882	166	18	1	14	759
부평구	삼산1동제7투	742	561	147	17	2	4	576
부평구	삼산1동제8투	718	694	140	22	0	12	649
부평구	관내사전	4121	1265	428	60	2	23	1
부평구	삼산2동제1투	830	836	171	21	2	15	675
부평구	삼산2동제2투	1032	748	232	26	2	10	547
부평구	삼산2동제3투	628	748	118	12	5	10	560
부평구	삼산2동제4투	558	762	85	15	1	10	657
부평구	삼산2동제5투	805	910	174	21	1	8	544
부평구	삼산2동제6투	816	794	152	22	0	12	720
부평구	관내사전	2066	956	154	21	1	25	0
부평구	부개1동제1투	529	691	84	13	1	10	921
부평구	부개1동제2투	857	1033	143	20	0	14	930
부평구	부개1동제3투	492	633	78	8	1	9	792
부평구	부개1동제4투	448	609	63	15	4	6	717
부평구	관내사전	4049	1367	466	70	6	32	0
부평구	부개2동제1투	714	846	154	20	2	11	967
부평구	부개2동제2투	767	821	154	25	1	14	767
부평구	부개2동제3투	819	891	132	28	7	19	841
부평구	부개2동제4투	769	886	135	19	2	10	679
부평구	관내사전	3928	1291	412	56	3	42	0
부평구	부개3동제1투	477	627	110	17	0	11	643
부평구	부개3동제2투	414	473	97	16	2	12	673
부평구	부개3동제3투	701	718	160	16	0	8	504
부평구	부개3동제4투	678	652	180	20	3	14	673
부평구	부개3동제5투	965	1106	171	34	0	10	620
부평구	부개3동제6투	944	935	168	26	1	14	555
부평구	부개3동제7투	826	813	163	27	3	13	723
부평구	관내사전	1864	779	235	24	0	24	0
부평구	일신동제1투	573	802	112	9	2	9	801
부평구	일신동제2투	657	720	89	16	3	12	675
부평구	일신동제3투	601	713	110	12	3	7	584
부평구	관내사전	3530	1392	393	55	7	31	0
부평구	십정1동제1투	766	1043	132	14	1	20	1319
부평구	십정1동제3투	1235	1194	277	29	6	17	1087
부평구	십정1동제4투	1232	1196	347	28	4	14	1022
부평구	관내사전	1710	757	125	18	7	31	0
부평구	십정2동제1투	514	705	82	11	2	12	877
부평구	십정2동제2투	648	817	100	10	4	13	962
부평구	십정2동제3투	760	862	123	19	5	21	1388
부평구	십정2동제4투	653	827	95	13	3	12	1142
부평구	십정2동제5투	859	999	160	13	2	12	604
부평구	관외사전	1473	503	271	27	3	25	406
