청주시서원구	남이면제3투	270	478	17	0	9	1	5	427
청주시서원구	관내사전	966	1063	38	0	11	0	14	0
청주시서원구	사직제2동제2투	263	383	18	0	7	0	8	530
청주시서원구	사직제2동제4투	776	900	46	1	11	0	16	648
청주시서원구	사창동제2투	563	837	55	0	22	0	15	1053
청주시서원구	사창동제3투	491	881	29	2	15	0	23	1040
청주시서원구	사창동제4투	286	416	17	0	7	0	19	649
청주시서원구	모충동제2투	237	448	25	0	9	1	12	578
청주시서원구	관내사전	2979	2203	129	3	21	1	24	1
청주시서원구	산남동제4투	766	896	58	0	19	0	16	1024
청주시서원구	관내사전	4131	3301	220	7	44	3	53	1
청주시서원구	분평동제2투	705	793	58	1	14	1	15	1011
청주시서원구	분평동제3투	677	754	46	2	22	3	19	1002
청주시서원구	분평동제7투	834	719	47	0	14	0	19	910
청주시서원구	수곡제1동제1투	479	663	44	0	27	0	32	867
청주시서원구	수곡제1동제2투	491	617	40	2	16	0	17	854
청주시서원구	수곡제1동제4투	427	663	31	0	21	0	9	788
청주시서원구	성화·개신·죽림동제5투	801	800	65	1	20	1	25	960
청주시서원구	성화·개신·죽림동제10투	716	670	53	1	14	1	13	556
