천안시서북구	관내사전	2607	2648	107	2	50	2	41	0
천안시서북구	성환읍제1투	308	499	27	0	12	1	16	582
천안시서북구	성환읍제2투	408	655	47	2	16	1	11	942
천안시서북구	성환읍제3투	450	444	29	3	6	1	7	485
천안시서북구	성환읍제4투	134	258	9	0	6	0	2	224
천안시서북구	성환읍제5투	174	346	16	0	5	1	1	251
천안시서북구	성환읍제6투	280	514	13	1	13	1	14	566
천안시서북구	성환읍제7투	317	538	25	0	19	0	20	927
천안시서북구	성환읍제8투	125	245	6	0	7	0	4	216
천안시서북구	성환읍제9투	544	697	37	1	21	1	17	945
천안시서북구	성환읍제10투	679	553	35	0	21	0	16	702
천안시서북구	관내사전	1888	1511	79	4	30	2	19	4
천안시서북구	성거읍제1투	616	591	36	0	17	0	11	1184
천안시서북구	성거읍제2투	306	457	18	0	20	0	13	642
천안시서북구	성거읍제3투	970	789	65	0	32	0	28	1287
천안시서북구	성거읍제4투	530	640	46	3	24	1	12	1017
천안시서북구	성거읍제5투	233	397	13	2	12	0	4	580
천안시서북구	성거읍제6투	460	353	28	0	11	1	8	488
천안시서북구	관내사전	2938	2306	102	2	46	1	32	0
천안시서북구	직산읍제1투	247	494	13	1	9	1	8	400
천안시서북구	직산읍제2투	854	732	48	2	39	1	18	1504
천안시서북구	직산읍제3투	377	687	19	4	19	0	16	827
천안시서북구	직산읍제4투	352	358	19	0	11	0	6	778
천안시서북구	직산읍제5투	480	449	28	0	24	0	11	926
천안시서북구	직산읍제6투	620	598	41	3	29	0	13	936
천안시서북구	관내사전	1198	1404	50	2	21	0	12	1
천안시서북구	입장면제1투	384	488	37	0	19	0	15	766
천안시서북구	입장면제2투	184	267	10	0	5	0	3	255
천안시서북구	입장면제3투	370	556	19	0	22	0	10	878
천안시서북구	입장면제4투	138	245	8	1	5	0	7	211
천안시서북구	관내사전	1194	1269	41	3	25	0	15	0
천안시서북구	성정1동제1투	373	590	29	0	18	1	17	786
천안시서북구	성정1동제2투	605	857	29	0	31	0	16	1826
천안시서북구	성정1동제3투	354	488	21	0	23	0	17	1091
천안시서북구	성정1동제4투	267	471	15	0	16	0	5	785
천안시서북구	성정1동제5투	654	1036	49	2	20	2	12	877
천안시서북구	관내사전	2201	1935	113	6	44	0	31	0
천안시서북구	성정2동제1투	303	259	18	0	26	0	15	760
천안시서북구	성정2동제2투	739	938	46	1	34	0	35	1643
천안시서북구	성정2동제3투	709	774	52	2	29	0	23	1409
천안시서북구	성정2동제4투	468	547	35	2	26	0	10	1730
천안시서북구	성정2동제5투	769	829	44	2	40	0	24	2848
천안시서북구	성정2동제6투	416	416	36	1	20	1	19	1971
천안시서북구	관내사전	1478	1410	83	4	33	0	17	0
천안시서북구	쌍용1동제1투	495	604	26	1	19	0	7	844
천안시서북구	쌍용1동제2투	418	576	41	1	17	0	14	889
천안시서북구	쌍용1동제3투	558	668	31	0	16	0	10	786
천안시서북구	쌍용1동제4투	568	766	44	2	19	1	12	754
천안시서북구	관내사전	3335	2607	174	2	28	1	29	1
천안시서북구	쌍용2동제1투	645	881	35	0	30	0	18	1048
천안시서북구	쌍용2동제2투	544	689	34	1	13	2	21	878
천안시서북구	쌍용2동제3투	478	436	29	0	19	1	15	916
천안시서북구	쌍용2동제4투	1087	962	92	2	14	1	16	1015
천안시서북구	쌍용2동제5투	404	409	25	0	19	1	13	612
천안시서북구	쌍용2동제6투	783	860	50	0	13	0	23	866
천안시서북구	쌍용2동제7투	900	891	69	1	19	0	25	702
천안시서북구	쌍용2동제8투	1144	1316	72	1	28	0	22	1363
천안시서북구	관내사전	2682	2094	112	2	20	2	26	0
천안시서북구	쌍용3동제1투	536	764	50	0	8	0	12	787
천안시서북구	쌍용3동제2투	478	556	31	0	19	0	22	794
천안시서북구	쌍용3동제3투	350	402	26	1	11	0	12	540
천안시서북구	쌍용3동제4투	508	428	28	3	13	0	16	745
천안시서북구	쌍용3동제5투	634	453	53	1	12	1	13	680
천안시서북구	쌍용3동제6투	469	831	13	0	7	0	6	359
천안시서북구	관내사전	3024	2032	129	2	17	1	14	0
천안시서북구	백석동제1투	645	535	32	1	16	1	16	823
천안시서북구	백석동제2투	569	665	38	1	11	0	10	489
천안시서북구	백석동제3투	882	831	47	3	24	0	12	854
천안시서북구	백석동제4투	1104	952	61	2	25	0	39	1220
천안시서북구	백석동제5투	1027	810	39	0	8	1	10	821
천안시서북구	백석동제6투	997	899	54	0	12	0	17	880
천안시서북구	백석동제7투	1152	930	62	0	9	1	19	575
천안시서북구	백석동제8투	929	701	44	1	7	0	11	627
천안시서북구	백석동제9투	567	535	34	3	11	0	12	588
천안시서북구	관내사전	3149	2163	138	2	27	3	45	0
천안시서북구	불당1동제1투	1126	964	73	2	21	0	23	857
천안시서북구	불당1동제2투	839	774	47	0	8	0	12	548
천안시서북구	불당1동제3투	588	610	48	1	11	0	12	645
천안시서북구	불당1동제4투	707	853	47	0	15	0	21	965
천안시서북구	불당1동제5투	404	480	36	0	8	0	12	496
천안시서북구	불당1동제6투	796	992	44	1	12	0	13	943
천안시서북구	불당1동제7투	1267	1086	69	1	24	0	25	967
천안시서북구	관내사전	3835	2826	179	5	25	1	34	0
천안시서북구	불당2동제1투	1074	1338	79	0	24	1	24	928
천안시서북구	불당2동제2투	679	904	53	0	10	1	16	751
천안시서북구	불당2동제3투	691	884	39	1	8	0	20	695
천안시서북구	불당2동제4투	1049	1051	55	0	6	0	13	991
천안시서북구	불당2동제5투	803	781	59	0	28	0	27	1177
천안시서북구	불당2동제6투	1022	907	63	0	12	0	13	790
천안시서북구	관내사전	3878	2793	189	1	52	2	54	3
천안시서북구	부성1동제1투	1290	1295	95	5	24	1	35	2008
천안시서북구	부성1동제2투	631	704	44	1	26	1	19	1098
천안시서북구	부성1동제3투	195	257	10	0	6	1	4	246
천안시서북구	부성1동제4투	662	690	38	0	12	0	14	634
천안시서북구	부성1동제5투	780	640	61	1	18	0	19	1261
천안시서북구	부성1동제6투	391	356	33	1	12	0	9	472
천안시서북구	부성1동제7투	603	530	54	0	19	0	12	1003
천안시서북구	부성1동제8투	619	704	52	0	12	2	17	818
천안시서북구	부성1동제9투	797	775	67	1	42	0	35	2542
천안시서북구	부성1동제10투	905	785	58	2	14	0	23	675
천안시서북구	부성1동제11투	1041	1057	70	1	33	1	28	1220
천안시서북구	관내사전	3897	2671	200	6	51	2	33	0
천안시서북구	부성2동제1투	1179	808	80	1	32	0	22	1005
천안시서북구	부성2동제2투	1067	1013	61	0	30	1	21	947
천안시서북구	부성2동제3투	1192	977	55	0	28	1	25	1140
천안시서북구	부성2동제4투	531	559	31	1	40	0	27	1584
천안시서북구	부성2동제5투	772	683	45	2	38	0	24	1427
천안시서북구	부성2동제6투	413	483	28	0	32	0	12	1201
천안시서북구	부성2동제7투	876	789	64	2	24	0	20	928
천안시서북구	부성2동제8투	909	684	39	2	27	1	13	1083
천안시서북구	부성2동제9투	810	512	37	0	10	0	23	578
천안시서북구	부성2동제10투	1212	1086	81	3	20	1	27	1424
천안시서북구	부성2동제11투	1183	857	60	1	21	1	29	699
천안시서북구	부성2동제12투	1005	806	64	1	18	1	10	676
천안시서북구	관외사전	13073	12393	707	20	353	4	410	325
