천안시동남구	관내사전	2053	1697	71	0	29	1	20	0
천안시동남구	목천읍제1투	415	751	35	2	15	0	14	1106
천안시동남구	목천읍제2투	368	580	27	0	12	0	6	678
천안시동남구	목천읍제3투	164	296	8	0	3	0	4	235
천안시동남구	목천읍제4투	616	635	25	1	28	1	12	826
천안시동남구	목천읍제5투	943	666	72	2	32	0	29	988
천안시동남구	목천읍제6투	395	302	14	0	14	0	9	499
천안시동남구	목천읍제7투	1063	914	60	0	37	0	18	1751
천안시동남구	관내사전	609	740	28	0	7	1	8	0
천안시동남구	풍세면제1투	164	304	15	0	9	0	2	380
천안시동남구	풍세면제2투	101	230	11	0	2	0	1	163
천안시동남구	풍세면제3투	204	412	13	0	5	0	6	453
천안시동남구	관내사전	479	605	15	0	1	0	5	0
천안시동남구	광덕면제1투	156	559	10	0	10	0	5	361
천안시동남구	광덕면제2투	143	360	11	0	6	0	2	325
천안시동남구	광덕면제3투	144	226	9	0	6	0	2	264
천안시동남구	관내사전	331	452	15	0	11	1	7	0
천안시동남구	북면제1투	316	486	22	2	16	0	6	777
천안시동남구	북면제2투	157	344	14	1	10	1	12	370
천안시동남구	관내사전	568	579	22	0	7	1	8	0
천안시동남구	성남면제1투	135	306	8	0	11	1	8	258
천안시동남구	성남면제2투	162	437	12	1	7	0	5	493
천안시동남구	관내사전	384	494	15	1	1	0	5	0
천안시동남구	수신면제1투	155	320	4	1	11	2	3	381
천안시동남구	수신면제2투	80	167	5	0	4	0	2	154
천안시동남구	관내사전	963	1075	38	0	15	1	14	0
천안시동남구	병천면제1투	376	631	17	0	13	0	8	1000
천안시동남구	병천면제2투	171	379	13	0	4	0	1	382
천안시동남구	병천면제3투	117	234	14	0	7	0	3	185
천안시동남구	관내사전	248	465	13	0	5	1	3	0
천안시동남구	동면투표소	185	380	12	0	8	1	10	503
천안시동남구	관내사전	709	1004	27	1	11	1	7	0
천안시동남구	중앙동제1투	299	688	19	0	21	0	11	811
천안시동남구	중앙동제2투	329	507	20	0	16	1	11	677
천안시동남구	관내사전	722	862	38	2	15	1	10	0
천안시동남구	문성동제1투	232	336	17	0	10	0	8	627
천안시동남구	문성동제2투	220	343	19	1	7	0	6	511
천안시동남구	관내사전	1158	1357	41	0	17	0	10	0
천안시동남구	원성1동제1투	304	506	9	0	22	0	15	686
천안시동남구	원성1동제2투	186	314	13	1	8	0	3	429
천안시동남구	원성1동제3투	220	356	12	1	9	0	8	570
천안시동남구	원성1동제4투	350	507	28	2	13	1	8	563
천안시동남구	관내사전	1304	1519	57	2	24	0	17	0
천안시동남구	원성2동제1투	69	169	5	0	2	0	2	174
천안시동남구	원성2동제2투	513	798	30	2	19	0	17	947
천안시동남구	원성2동제3투	218	376	13	0	6	1	3	590
천안시동남구	원성2동제4투	320	555	20	1	21	0	12	776
천안시동남구	관내사전	1479	1365	68	4	28	1	12	0
천안시동남구	봉명동제1투	342	444	21	1	19	0	13	946
천안시동남구	봉명동제2투	527	663	31	0	21	0	17	901
천안시동남구	봉명동제3투	386	650	31	1	7	0	8	912
천안시동남구	봉명동제4투	273	414	16	0	13	0	6	747
천안시동남구	봉명동제5투	494	579	31	0	21	0	5	698
천안시동남구	봉명동제6투	567	476	48	2	24	0	13	824
천안시동남구	관내사전	1538	1552	60	2	23	0	13	0
천안시동남구	일봉동제1투	407	645	28	1	24	1	10	1103
천안시동남구	일봉동제2투	599	773	36	0	23	0	12	1111
천안시동남구	일봉동제3투	256	325	17	0	8	0	10	424
천안시동남구	일봉동제4투	813	929	56	1	21	0	20	806
천안시동남구	일봉동제5투	1154	1005	71	1	17	1	15	1120
천안시동남구	관내사전	4712	2976	167	6	53	4	47	1
천안시동남구	신방동제1투	622	729	41	0	15	0	10	669
천안시동남구	신방동제2투	887	795	53	0	27	0	10	843
천안시동남구	신방동제3투	989	765	71	2	19	2	12	983
천안시동남구	신방동제4투	897	704	53	1	10	0	7	741
천안시동남구	신방동제5투	410	417	21	0	21	0	13	1004
천안시동남구	신방동제6투	381	412	24	0	9	0	10	1030
천안시동남구	신방동제7투	315	322	23	0	7	0	5	490
천안시동남구	신방동제8투	937	862	53	0	26	0	22	739
천안시동남구	신방동제9투	1239	993	72	0	34	1	24	1580
천안시동남구	신방동제10투	1173	1085	88	0	46	1	24	1731
천안시동남구	관내사전	3858	3155	179	3	28	2	41	0
천안시동남구	청룡동제1투	614	914	48	0	19	0	12	778
천안시동남구	청룡동제2투	612	828	52	0	26	1	15	1005
천안시동남구	청룡동제3투	633	739	35	0	11	0	9	497
천안시동남구	청룡동제4투	1038	1161	87	1	30	0	15	1143
천안시동남구	청룡동제5투	760	1068	50	1	26	1	18	1264
천안시동남구	청룡동제6투	148	316	6	0	8	0	5	442
천안시동남구	청룡동제7투	1254	1099	81	0	40	2	23	1563
천안시동남구	청룡동제8투	560	439	31	1	19	1	10	590
천안시동남구	청룡동제9투	1004	902	59	4	24	0	19	1556
천안시동남구	청룡동제10투	773	633	39	0	23	0	18	803
천안시동남구	청룡동제11투	1118	888	66	0	20	0	16	754
천안시동남구	청룡동제12투	622	619	42	2	15	0	12	679
천안시동남구	관내사전	3373	3043	214	6	41	1	28	0
천안시동남구	신안동제1투	421	603	22	0	14	0	15	988
천안시동남구	신안동제2투	758	911	63	1	23	1	24	920
천안시동남구	신안동제3투	387	568	20	0	16	1	16	1029
천안시동남구	신안동제4투	587	874	49	1	13	0	9	688
천안시동남구	신안동제5투	765	957	64	0	19	0	21	844
천안시동남구	신안동제6투	801	900	51	1	22	1	24	1204
천안시동남구	신안동제7투	687	861	45	0	17	1	15	798
천안시동남구	신안동제8투	608	847	38	1	11	0	24	975
천안시동남구	신안동제9투	668	932	44	2	15	0	16	701
천안시동남구	관외사전	8887	8379	504	13	212	8	281	243
