청주시상당구	관내사전	380	539	18	3	9	1	14	0
청주시상당구	미원면제1투	142	257	6	1	8	0	6	445
청주시상당구	미원면제2투	205	346	13	2	10	0	15	506
청주시상당구	가덕면제1투	159	362	13	0	14	0	14	359
청주시상당구	관내사전	743	801	57	0	13	0	4	0
청주시상당구	중앙동제2투	315	643	29	3	11	0	13	633
청주시상당구	성안동제1투	508	859	30	1	17	3	14	968
청주시상당구	탑·대성동제1투	380	730	36	2	19	0	18	1035
청주시상당구	영운동제1투	345	593	27	2	13	0	14	868
청주시상당구	영운동제2투	577	723	41	1	21	1	22	1026
청주시상당구	금천동제5투	538	634	34	0	16	2	8	680
청주시상당구	금천동제8투	692	629	38	3	7	0	14	592
청주시상당구	용담·명암·산성동제1투	307	531	21	1	12	2	16	792
청주시상당구	관내사전	4155	3515	203	6	46	4	44	1
청주시상당구	용암제1동제1투	525	740	40	2	17	0	10	959
청주시상당구	용암제1동제2투	431	548	36	2	15	0	10	804
청주시상당구	용암제1동제3투	556	651	40	2	16	1	18	764
청주시상당구	용암제1동제4투	489	516	33	2	18	0	21	816
청주시상당구	용암제1동제6투	891	858	61	1	29	1	14	1214
청주시상당구	용암제1동제7투	717	716	48	1	25	0	17	991
청주시상당구	관내사전	3455	2699	190	1	44	4	27	0
청주시상당구	관외사전	7127	6471	465	20	178	9	241	185
