청주시흥덕구	오송읍제1투	250	350	15	0	6	0	5	501
청주시흥덕구	오송읍제6투	845	636	68	2	10	0	33	617
청주시흥덕구	오송읍제7투	631	667	54	0	31	0	15	846
청주시흥덕구	옥산면제2투	649	786	51	2	31	2	20	1380
청주시흥덕구	운천·신봉동제5투	717	805	48	1	15	2	20	914
청주시흥덕구	복대제1동제1투	636	582	59	0	14	0	24	1128
청주시흥덕구	복대제2동제1투	542	706	55	2	12	0	18	887
청주시흥덕구	복대제2동제5투	406	486	25	2	14	0	12	849
청주시흥덕구	관내사전	4186	3677	213	3	61	1	43	0
청주시흥덕구	가경동제1투	245	428	17	0	9	0	17	654
청주시흥덕구	가경동제2투	555	791	38	1	14	2	12	713
청주시흥덕구	가경동제5투	702	871	49	0	22	0	9	1088
청주시흥덕구	봉명제2·송정동제3투	631	736	38	0	18	0	14	1588
청주시흥덕구	봉명제2·송정동제4투	446	479	41	2	15	1	23	775
청주시흥덕구	강서제1동제4투	975	908	68	0	32	1	18	1189
청주시흥덕구	강서제2동제1투	443	678	31	1	13	0	14	884
