청주시청원구	관내사전	4513	3079	168	0	46	2	59	0
청주시청원구	오창읍제1투	349	501	22	1	12	0	7	820
청주시청원구	오창읍제2투	382	493	20	1	11	0	14	700
청주시청원구	오창읍제3투	159	290	10	0	3	0	6	292
청주시청원구	오창읍제4투	960	797	66	1	11	0	11	810
청주시청원구	오창읍제5투	853	743	46	0	12	0	11	480
청주시청원구	오창읍제6투	1015	596	50	0	13	0	18	559
청주시청원구	오창읍제7투	1129	715	60	1	21	0	13	640
청주시청원구	오창읍제8투	1006	578	50	0	14	0	11	648
청주시청원구	오창읍제9투	1095	653	64	0	22	1	19	610
청주시청원구	오창읍제10투	632	646	48	0	27	1	13	1171
청주시청원구	오창읍제11투	547	629	45	1	29	0	20	1258
청주시청원구	오창읍제12투	618	787	38	1	31	0	17	1676
청주시청원구	오창읍제13투	981	662	47	0	22	0	8	1113
청주시청원구	오창읍제14투	780	561	49	1	16	1	20	613
청주시청원구	오창읍제15투	984	689	65	0	15	0	10	949
청주시청원구	오창읍제16투	839	653	51	0	5	0	13	416
청주시청원구	오창읍제17투	1459	1073	81	0	24	0	18	1025
청주시청원구	관내사전	2040	1898	99	1	31	0	34	0
청주시청원구	내수읍제1투	447	363	29	0	18	0	8	737
청주시청원구	내수읍제2투	257	397	12	2	8	0	8	445
청주시청원구	내수읍제3투	174	218	11	0	6	0	1	250
청주시청원구	내수읍제4투	710	656	46	1	29	1	24	1010
청주시청원구	내수읍제5투	410	504	21	0	18	0	9	618
청주시청원구	내수읍제6투	594	588	42	1	29	0	14	1084
청주시청원구	내수읍제7투	218	264	21	0	8	1	9	445
청주시청원구	관내사전	494	550	22	1	13	1	11	0
청주시청원구	북이면제1투	113	234	9	0	3	0	8	272
청주시청원구	북이면제2투	120	257	3	1	4	0	5	236
청주시청원구	북이면제3투	165	277	7	0	4	0	10	284
청주시청원구	북이면제4투	159	300	8	1	5	1	6	296
청주시청원구	관내사전	1134	1571	57	4	28	1	17	0
청주시청원구	우암동제1투	279	473	20	0	20	0	17	835
청주시청원구	우암동제2투	352	585	25	1	11	0	17	738
청주시청원구	우암동제3투	304	602	23	1	7	0	14	735
청주시청원구	우암동제4투	528	707	32	0	16	0	19	972
청주시청원구	관내사전	1629	1712	75	1	25	2	16	0
청주시청원구	내덕제1동제1투	284	515	15	0	19	1	12	836
청주시청원구	내덕제1동제2투	330	595	39	2	12	0	12	763
청주시청원구	내덕제1동제3투	371	595	25	0	12	1	15	666
청주시청원구	관내사전	1633	1723	94	3	21	1	24	0
청주시청원구	내덕제2동제1투	318	518	17	1	11	0	15	771
청주시청원구	내덕제2동제2투	455	596	24	1	14	0	22	937
청주시청원구	내덕제2동제3투	1010	1091	74	1	28	0	23	1277
청주시청원구	관내사전	3967	3288	212	2	36	2	42	0
청주시청원구	율량·사천동제1투	601	652	45	0	16	1	23	824
청주시청원구	율량·사천동제2투	554	645	41	2	28	0	20	1142
청주시청원구	율량·사천동제3투	677	852	53	3	25	0	24	1073
청주시청원구	율량·사천동제4투	484	598	36	0	6	0	19	432
청주시청원구	율량·사천동제5투	732	765	53	1	24	0	21	1072
청주시청원구	율량·사천동제6투	1025	964	63	0	20	3	16	1106
청주시청원구	율량·사천동제7투	706	779	57	0	13	1	14	768
청주시청원구	율량·사천동제8투	420	615	34	0	13	1	13	651
청주시청원구	율량·사천동제9투	638	705	33	1	12	2	13	747
청주시청원구	율량·사천동제10투	511	513	41	1	15	0	8	754
청주시청원구	율량·사천동제11투	624	679	48	0	26	1	11	579
청주시청원구	율량·사천동제12투	599	470	46	0	15	0	11	537
청주시청원구	율량·사천동제13투	575	508	38	0	13	0	9	634
청주시청원구	관내사전	1548	1330	76	1	13	2	18	0
청주시청원구	오근장동제1투	298	491	22	1	10	0	13	800
청주시청원구	오근장동제2투	1043	869	84	1	12	2	22	754
청주시청원구	오근장동제3투	865	843	51	1	37	0	28	1110
청주시청원구	오근장동제4투	831	669	39	1	13	1	8	647
청주시청원구	관외사전	7152	6686	429	9	202	4	214	218
