창원시마산회원구	관내사전	3984	4846	176	6	77	2	52	0
창원시마산회원구	내서읍제1투	49	230	5	0	2	0	6	83
창원시마산회원구	내서읍제2투	875	1442	65	1	26	0	26	908
창원시마산회원구	내서읍제3투	477	890	41	0	34	0	18	586
창원시마산회원구	내서읍제4투	845	1326	66	1	16	0	19	658
창원시마산회원구	내서읍제5투	650	1204	46	1	35	0	20	833
창원시마산회원구	내서읍제6투	447	960	38	0	24	0	14	578
창원시마산회원구	내서읍제7투	492	1020	44	1	25	1	16	930
창원시마산회원구	내서읍제8투	508	911	39	1	29	0	19	897
창원시마산회원구	내서읍제9투	341	766	29	0	27	0	17	727
창원시마산회원구	내서읍제10투	956	1433	67	2	45	0	23	1198
창원시마산회원구	내서읍제11투	650	887	45	3	26	0	29	800
창원시마산회원구	내서읍제12투	929	1347	61	5	41	1	27	1039
창원시마산회원구	내서읍제13투	1021	1314	65	4	30	0	19	940
창원시마산회원구	내서읍제14투	1014	1224	82	3	25	1	20	841
창원시마산회원구	내서읍제15투	93	328	13	0	8	0	9	166
창원시마산회원구	관내사전	917	1997	50	0	19	1	25	1
창원시마산회원구	회원1동제1투	276	1064	37	1	16	0	23	697
창원시마산회원구	회원1동제2투	291	934	22	1	14	2	15	839
창원시마산회원구	회원1동제3투	250	722	33	0	13	0	19	663
창원시마산회원구	관내사전	686	1383	41	1	13	0	13	0
창원시마산회원구	회원2동제1투	234	651	19	0	15	1	12	748
창원시마산회원구	회원2동제2투	539	1041	47	1	29	0	19	734
창원시마산회원구	회원2동제3투	175	645	20	0	10	0	8	497
창원시마산회원구	관내사전	1412	2682	85	2	34	4	22	2
창원시마산회원구	석전동제1투	185	386	8	0	14	0	5	289
창원시마산회원구	석전동제2투	674	1243	60	1	27	0	20	801
창원시마산회원구	석전동제3투	253	654	21	1	11	0	15	429
창원시마산회원구	석전동제4투	182	470	13	2	13	1	14	371
창원시마산회원구	석전동제5투	136	457	9	2	12	0	8	499
창원시마산회원구	석전동제6투	339	866	29	0	26	0	19	908
창원시마산회원구	관내사전	567	1303	37	5	11	2	16	0
창원시마산회원구	회성동제1투	233	679	26	1	21	0	16	677
창원시마산회원구	회성동제2투	170	614	17	0	8	0	10	524
창원시마산회원구	회성동제3투	64	236	2	0	1	0	3	183
창원시마산회원구	관내사전	958	2020	57	2	35	1	16	0
창원시마산회원구	양덕1동제1투	302	761	27	1	26	0	10	884
창원시마산회원구	양덕1동제2투	363	802	17	2	23	0	16	787
창원시마산회원구	양덕1동제3투	305	725	32	1	27	0	17	763
창원시마산회원구	관내사전	2366	3919	144	1	48	2	24	0
창원시마산회원구	양덕2동제1투	685	1165	53	0	20	0	32	860
창원시마산회원구	양덕2동제2투	443	1111	42	0	13	0	13	692
창원시마산회원구	양덕2동제3투	310	681	13	1	17	0	13	696
창원시마산회원구	양덕2동제4투	673	1271	37	0	48	0	26	1104
창원시마산회원구	양덕2동제5투	616	1658	49	0	17	0	20	654
창원시마산회원구	양덕2동제6투	702	1411	55	2	11	1	17	608
창원시마산회원구	관내사전	968	1819	56	0	17	0	14	0
창원시마산회원구	합성1동제1투	291	662	18	1	21	0	6	733
창원시마산회원구	합성1동제2투	585	1262	44	2	25	0	19	1139
창원시마산회원구	관내사전	738	1690	45	2	26	1	19	1
창원시마산회원구	합성2동제1투	294	838	28	1	18	0	16	772
창원시마산회원구	합성2동제2투	335	894	31	0	31	1	18	1035
창원시마산회원구	관내사전	814	1411	45	0	21	0	16	0
창원시마산회원구	구암1동제1투	274	658	17	0	21	0	9	622
창원시마산회원구	구암1동제2투	225	626	12	0	28	0	14	451
창원시마산회원구	구암1동제3투	511	1032	45	0	40	0	14	706
창원시마산회원구	관내사전	749	1122	38	0	23	0	8	1
창원시마산회원구	구암2동제1투	368	737	39	1	14	1	17	592
창원시마산회원구	구암2동제2투	440	937	44	1	21	0	21	797
창원시마산회원구	구암2동제3투	226	519	19	0	14	0	10	419
창원시마산회원구	관내사전	369	561	16	1	13	2	4	0
창원시마산회원구	봉암동제1투	134	315	6	0	9	0	9	382
창원시마산회원구	봉암동제2투	158	504	10	1	10	0	13	440
창원시마산회원구	관외사전	5411	8016	414	21	243	6	225	170
