고양시덕양구	관내사전	2229	1523	124	2	18	0	16	1
고양시덕양구	주교동제1투	380	407	21	0	7	1	6	742
고양시덕양구	주교동제2투	679	623	47	0	25	1	19	1173
고양시덕양구	주교동제3투	540	490	49	1	9	1	14	1017
고양시덕양구	주교동제4투	540	504	41	1	10	0	8	847
고양시덕양구	관내사전	1883	1306	93	2	6	0	13	0
고양시덕양구	원신동제1투	1010	889	83	0	6	0	9	753
고양시덕양구	원신동제2투	147	244	14	0	5	0	4	288
고양시덕양구	원신동제3투	1167	880	77	0	27	0	16	953
고양시덕양구	원신동제4투	1122	1043	112	2	12	0	24	1008
고양시덕양구	원신동제5투	987	823	84	0	6	0	10	838
고양시덕양구	관내사전	2406	1573	149	1	13	1	13	0
고양시덕양구	흥도동제1투	179	287	15	0	9	0	4	428
고양시덕양구	흥도동제2투	780	639	53	0	20	0	7	674
고양시덕양구	흥도동제3투	944	872	86	0	7	0	10	689
고양시덕양구	흥도동제4투	1229	752	144	3	13	0	10	765
고양시덕양구	흥도동제5투	976	708	80	1	10	0	18	739
고양시덕양구	흥도동제6투	708	607	80	0	4	0	5	323
고양시덕양구	흥도동제7투	1135	901	101	1	4	0	21	802
고양시덕양구	관내사전	3103	2311	154	0	16	0	25	0
고양시덕양구	성사1동제1투	511	486	42	0	12	1	8	985
고양시덕양구	성사1동제2투	659	631	46	1	17	0	9	1114
고양시덕양구	성사1동제3투	628	546	47	1	15	0	13	1364
고양시덕양구	성사1동제4투	1000	1009	63	1	6	1	14	647
고양시덕양구	성사1동제5투	841	873	72	2	9	0	14	633
고양시덕양구	관내사전	1824	1315	78	0	11	0	8	0
고양시덕양구	성사2동제1투	591	522	52	0	11	1	11	728
고양시덕양구	성사2동제2투	495	666	52	1	12	0	7	669
고양시덕양구	성사2동제3투	728	669	58	2	15	0	10	659
고양시덕양구	관내사전	1770	1261	101	1	12	1	16	0
고양시덕양구	효자동제1투	213	352	11	0	7	0	7	381
고양시덕양구	효자동제2투	616	529	62	1	5	0	10	407
고양시덕양구	효자동제3투	993	918	86	0	6	1	22	650
고양시덕양구	효자동제4투	505	426	39	2	5	0	7	389
고양시덕양구	효자동제5투	358	391	30	1	7	0	8	354
고양시덕양구	관내사전	3471	2631	184	0	23	4	25	0
고양시덕양구	삼송1동제1투	455	652	45	2	9	1	12	856
고양시덕양구	삼송1동제2투	686	613	51	0	3	0	6	468
고양시덕양구	삼송1동제3투	648	775	55	0	9	0	13	598
고양시덕양구	삼송1동제4투	624	640	49	1	4	0	8	289
고양시덕양구	삼송1동제5투	656	775	64	1	8	1	12	827
고양시덕양구	관내사전	2754	1908	132	1	13	2	18	0
고양시덕양구	삼송2동제1투	1040	1015	85	3	12	0	12	1006
고양시덕양구	삼송2동제2투	1178	1000	72	1	20	2	13	1259
고양시덕양구	삼송2동제3투	994	1153	86	0	5	2	20	1132
고양시덕양구	삼송2동제4투	856	953	66	0	19	0	19	906
고양시덕양구	삼송2동제5투	711	583	62	1	9	0	18	543
고양시덕양구	관내사전	3197	2136	148	0	19	0	21	0
고양시덕양구	창릉동제1투	388	390	32	0	8	1	7	754
고양시덕양구	창릉동제2투	351	577	25	0	6	1	3	620
고양시덕양구	창릉동제3투	535	514	34	0	8	0	12	512
고양시덕양구	창릉동제4투	848	787	46	2	11	0	9	443
고양시덕양구	창릉동제5투	632	717	47	0	8	1	9	623
고양시덕양구	창릉동제6투	1166	1117	92	0	13	0	20	751
고양시덕양구	관내사전	4152	2921	213	2	31	1	35	15
고양시덕양구	고양동제1투	468	512	41	0	11	1	9	860
고양시덕양구	고양동제2투	593	478	45	2	16	0	13	1088
고양시덕양구	고양동제3투	605	594	51	1	6	0	12	959
고양시덕양구	고양동제4투	738	707	59	2	11	0	13	1416
고양시덕양구	고양동제5투	305	430	36	0	6	0	8	558
고양시덕양구	고양동제6투	795	680	54	0	13	0	10	1066
고양시덕양구	고양동제7투	735	643	69	1	7	0	9	722
고양시덕양구	관내사전	3456	2526	159	2	40	2	20	1
고양시덕양구	관산동제1투	486	401	30	0	6	0	11	848
고양시덕양구	관산동제2투	509	554	57	0	10	0	12	804
고양시덕양구	관산동제3투	984	927	79	0	13	1	11	1270
고양시덕양구	관산동제4투	651	758	45	0	18	0	12	907
고양시덕양구	관산동제5투	1060	856	76	1	28	1	22	1765
고양시덕양구	관산동제6투	1195	911	90	0	23	0	12	1911
고양시덕양구	관산동제7투	983	831	82	1	31	0	9	1356
고양시덕양구	관산동제8투	586	506	47	1	14	0	11	778
고양시덕양구	관내사전	2377	1974	118	2	24	2	14	0
고양시덕양구	능곡동제1투	455	537	26	0	8	1	7	715
고양시덕양구	능곡동제2투	504	580	35	0	8	0	8	791
고양시덕양구	능곡동제3투	346	448	22	2	8	0	9	504
고양시덕양구	능곡동제4투	349	583	34	0	8	1	6	524
고양시덕양구	능곡동제5투	439	442	27	0	2	0	9	505
고양시덕양구	관내사전	6158	4737	332	6	35	1	51	1
고양시덕양구	화정1동제1투	864	773	80	1	5	0	18	640
고양시덕양구	화정1동제2투	740	837	65	0	9	0	15	778
고양시덕양구	화정1동제3투	826	786	52	0	3	0	11	864
고양시덕양구	화정1동제4투	603	705	60	1	3	2	14	633
고양시덕양구	화정1동제5투	656	1087	62	1	16	0	13	774
고양시덕양구	화정1동제6투	593	630	57	2	7	1	12	1009
고양시덕양구	화정1동제7투	454	471	32	3	21	0	9	948
고양시덕양구	화정1동제8투	589	919	51	1	9	0	7	547
고양시덕양구	화정1동제9투	527	617	52	2	4	0	12	918
고양시덕양구	관내사전	4032	2570	195	3	17	3	25	2
고양시덕양구	화정2동제1투	704	745	59	1	14	0	15	1053
고양시덕양구	화정2동제2투	849	783	75	1	8	1	13	873
고양시덕양구	화정2동제3투	962	894	67	0	9	0	25	893
고양시덕양구	화정2동제4투	882	830	53	1	3	0	13	641
고양시덕양구	화정2동제5투	954	844	58	1	7	0	17	639
고양시덕양구	화정2동제6투	631	749	42	0	4	0	11	428
고양시덕양구	화정2동제7투	839	756	84	0	5	0	15	718
고양시덕양구	관내사전	2178	1531	77	2	22	2	20	0
고양시덕양구	행주동제1투	337	346	19	0	10	0	7	820
고양시덕양구	행주동제2투	531	533	36	0	18	2	15	926
고양시덕양구	행주동제3투	631	574	37	0	22	1	17	1002
고양시덕양구	행주동제4투	537	563	37	0	21	0	8	919
고양시덕양구	행주동제5투	182	330	12	0	7	0	3	244
고양시덕양구	행주동제6투	593	651	39	0	8	0	14	767
고양시덕양구	관내사전	2948	2002	143	4	18	1	17	0
고양시덕양구	행신1동제1투	640	659	42	2	6	1	12	912
고양시덕양구	행신1동제2투	889	808	55	1	12	0	10	712
고양시덕양구	행신1동제3투	717	640	42	2	16	1	20	695
고양시덕양구	행신1동제4투	846	731	62	1	5	0	18	680
고양시덕양구	행신1동제5투	742	884	57	1	5	1	16	674
고양시덕양구	관내사전	4391	3057	201	1	23	4	32	0
고양시덕양구	행신2동제1투	824	830	49	1	17	0	21	1026
고양시덕양구	행신2동제2투	619	702	50	1	3	0	12	540
고양시덕양구	행신2동제3투	891	1013	59	1	8	0	31	812
고양시덕양구	행신2동제4투	945	699	81	2	12	1	16	737
고양시덕양구	행신2동제5투	841	813	58	0	8	1	16	751
고양시덕양구	행신2동제6투	794	670	57	0	9	0	22	631
고양시덕양구	행신2동제7투	761	671	58	3	10	1	14	687
고양시덕양구	행신2동제8투	89	155	12	0	2	0	2	73
고양시덕양구	관내사전	4148	2595	174	2	14	3	29	0
고양시덕양구	행신3동제1투	883	731	64	1	12	0	13	1100
고양시덕양구	행신3동제2투	913	794	59	1	8	1	20	734
고양시덕양구	행신3동제3투	887	916	79	1	12	2	14	698
고양시덕양구	행신3동제4투	984	788	77	0	13	0	16	688
고양시덕양구	행신3동제5투	545	730	33	0	3	0	16	398
고양시덕양구	관내사전	2916	1771	106	3	21	1	27	3
고양시덕양구	행신4동제1투	703	613	39	3	20	1	15	1213
고양시덕양구	행신4동제2투	502	435	32	1	10	0	18	1021
고양시덕양구	행신4동제3투	737	619	45	1	20	0	14	848
고양시덕양구	행신4동제4투	669	539	51	0	11	0	6	477
고양시덕양구	행신4동제5투	1044	786	71	0	10	0	24	696
고양시덕양구	관내사전	2192	1393	81	3	22	0	15	0
고양시덕양구	화전동제1투	491	576	31	2	16	0	10	991
고양시덕양구	화전동제2투	286	235	14	0	5	0	2	242
고양시덕양구	화전동제3투	879	951	53	1	12	1	11	621
고양시덕양구	화전동제4투	1065	961	43	0	7	0	10	594
고양시덕양구	화전동제5투	900	541	52	1	8	0	7	410
고양시덕양구	화전동제6투	1045	677	61	3	11	2	13	656
고양시덕양구	화전동제7투	1042	671	67	1	9	2	11	649
고양시덕양구	관내사전	437	353	15	1	5	0	4	0
고양시덕양구	대덕동투표소	270	385	15	0	5	0	1	504
고양시덕양구	관외사전	21873	16548	1306	38	311	18	554	697
