안양시만안구	안양1동제3투	478	460	24	0	7	0	19	839
안양시만안구	관내사전	2764	2061	80	0	23	0	25	-1
안양시만안구	안양2동제4투	526	515	42	1	13	0	10	418
안양시만안구	관내사전	2596	1793	108	0	16	0	24	0
안양시만안구	안양3동제3투	758	791	42	1	23	0	21	1309
안양시만안구	안양3동제4투	652	757	43	0	6	0	17	556
안양시만안구	안양6동제2투	718	767	32	2	7	0	21	676
안양시만안구	관내사전	1758	1358	67	1	18	1	15	1
안양시만안구	안양8동제2투	700	656	36	2	18	1	9	961
안양시만안구	안양9동제2투	646	743	39	1	14	1	15	774
안양시만안구	관내사전	2694	2153	82	3	10	2	11	0
안양시만안구	관내사전	4151	2965	158	3	33	0	30	0
안양시만안구	석수2동제2투	749	917	36	1	7	1	22	734
안양시만안구	석수2동제4투	711	746	41	0	11	0	17	569
안양시만안구	석수3동제1투	727	687	49	1	17	0	13	952
안양시만안구	석수3동제2투	681	670	39	0	6	0	13	714
안양시만안구	관내사전	3035	2157	108	2	42	1	25	0
안양시만안구	관외사전	9987	7730	518	13	165	10	238	314
