용인시수지구	풍덕천1동제1투	701	868	41	0	18	0	28	1448
용인시수지구	관내사전	4469	3309	146	3	17	0	32	0
용인시수지구	풍덕천2동제2투	409	515	35	0	9	0	9	627
용인시수지구	풍덕천2동제4투	584	649	43	0	7	0	15	781
용인시수지구	풍덕천2동제5투	802	901	68	0	5	0	14	656
용인시수지구	관내사전	4247	3853	116	2	22	1	30	1
용인시수지구	신봉동제1투	504	552	26	0	4	0	6	404
용인시수지구	신봉동제4투	718	1257	44	0	8	0	14	724
용인시수지구	신봉동제5투	740	1342	38	0	11	0	11	923
용인시수지구	신봉동제6투	1029	1383	47	2	14	0	15	879
용인시수지구	죽전2동제2투	633	865	47	0	4	0	17	724
용인시수지구	죽전3동제2투	697	933	51	0	8	0	14	739
용인시수지구	죽전3동제5투	866	965	66	0	6	0	22	848
용인시수지구	동천동제3투	792	1043	39	0	9	3	13	616
용인시수지구	동천동제4투	825	864	65	1	6	0	20	729
용인시수지구	동천동제6투	615	836	35	0	5	0	11	593
용인시수지구	관내사전	2517	2376	74	1	14	1	14	0
용인시수지구	상현1동제1투	670	1104	38	1	4	0	13	669
용인시수지구	관내사전	4529	4072	127	0	25	0	31	1
용인시수지구	상현2동제4투	951	1163	47	1	12	0	9	815
용인시수지구	상현3동제5투	695	683	34	0	5	1	14	701
용인시수지구	상현3동제6투	796	816	58	1	9	0	13	518
용인시수지구	성복동제2투	542	1694	39	1	8	0	13	655
용인시수지구	성복동제11투	831	1234	45	0	2	0	11	497
용인시수지구	관외사전	16051	15533	737	22	149	8	491	947
