용인시기흥구	신갈동제3투	608	590	21	0	12	0	14	725
용인시기흥구	영덕2동제2투	1051	996	60	0	23	0	15	1175
용인시기흥구	관내사전	3626	2676	112	3	16	0	23	0
용인시기흥구	구갈동제7투	523	497	31	0	4	0	10	438
용인시기흥구	구갈동제8투	1234	1379	85	0	10	0	18	880
용인시기흥구	보라동제4투	1089	1001	34	0	13	0	15	983
용인시기흥구	보라동제7투	858	986	36	0	9	0	7	682
용인시기흥구	관내사전	2062	1819	70	1	19	0	8	0
용인시기흥구	기흥동제1투	626	728	31	1	13	0	10	927
용인시기흥구	구성동제5투	605	599	28	0	2	0	9	316
용인시기흥구	관내사전	3608	3556	103	0	16	1	17	0
용인시기흥구	마북동제3투	851	989	38	1	17	0	17	865
용인시기흥구	마북동제7투	803	1079	40	2	2	0	17	822
용인시기흥구	관내사전	4609	2452	150	4	13	0	16	0
용인시기흥구	동백2동제1투	886	870	49	1	7	0	9	630
용인시기흥구	동백3동제1투	1148	1078	52	3	14	0	12	1110
용인시기흥구	동백3동제4투	258	1198	10	0	4	0	7	302
용인시기흥구	관내사전	3062	2200	100	0	19	3	18	0
용인시기흥구	상하동제5투	687	647	26	0	6	0	14	475
용인시기흥구	보정동제6투	797	848	51	1	5	0	10	616
