수원시권선구	관내사전	1534	1350	75	1	12	1	16	0
수원시권선구	관내사전	2248	1791	85	4	25	0	22	0
수원시권선구	세류2동제5투	757	690	42	1	19	1	21	1178
수원시권선구	관내사전	2185	1857	61	6	30	0	21	0
수원시권선구	세류3동제1투	711	860	37	1	19	0	15	1328
수원시권선구	평동제1투	321	511	18	0	10	0	8	622
수원시권선구	평동제7투	791	834	53	0	22	1	20	799
수원시권선구	평동제8투	1150	955	61	1	19	1	16	928
수원시권선구	서둔동제5투	863	841	42	1	30	0	21	1138
수원시권선구	서둔동제7투	836	828	58	0	11	0	25	612
수원시권선구	서둔동제8투	1016	789	37	0	35	1	20	1439
수원시권선구	관내사전	2635	1845	85	2	31	1	30	0
수원시권선구	구운동제1투	608	533	26	0	25	1	16	930
수원시권선구	금곡동제1투	1004	939	65	1	6	0	18	916
수원시권선구	호매실동제1투	726	706	42	1	9	1	19	967
수원시권선구	호매실동제2투	879	795	56	1	16	0	19	862
수원시권선구	호매실동제8투	727	637	39	0	8	0	10	594
수원시권선구	관내사전	2126	1847	83	1	22	3	24	0
수원시권선구	관내사전	4913	4027	192	4	26	1	50	3
수원시권선구	권선2동제3투	566	640	37	0	9	0	13	504
수원시권선구	권선2동제5투	690	643	41	0	7	0	10	629
수원시권선구	권선2동제8투	782	1020	37	2	9	0	24	723
수원시권선구	권선2동제11투	843	819	48	1	12	1	17	577
수원시권선구	관내사전	3691	2588	121	5	35	0	46	0
수원시권선구	곡선동제9투	528	523	38	0	4	0	4	394
수원시권선구	관내사전	1962	1159	52	0	18	1	11	0
수원시권선구	입북동제1투	652	600	25	1	12	0	7	601
수원시권선구	입북동제2투	1027	927	48	1	33	1	23	786
수원시권선구	입북동제4투	869	663	43	0	6	0	11	425
수원시권선구	관외사전	15905	12831	817	15	317	14	458	366
