포항시북구	흥해읍제1투	148	599	11	0	8	0	3	534
포항시북구	흥해읍제4투	90	607	10	0	5	1	16	431
포항시북구	흥해읍제7투	153	699	12	0	9	2	12	415
포항시북구	흥해읍제9투	367	1099	41	0	15	0	13	823
포항시북구	청하면제2투	57	421	8	1	2	0	5	289
포항시북구	송라면투표소	79	457	2	0	2	1	5	408
포항시북구	기계면제2투	53	228	0	0	2	0	2	194
포항시북구	관내사전	117	655	11	1	2	0	9	0
포항시북구	관내사전	998	3195	90	1	19	2	22	0
포항시북구	중앙동제2투	47	285	5	0	8	0	4	269
포항시북구	중앙동제3투	112	474	13	1	6	0	8	420
포항시북구	양학동제4투	322	980	25	1	14	0	3	522
포항시북구	관내사전	942	3957	63	3	24	2	21	0
포항시북구	죽도동제1투	150	884	14	1	13	0	7	623
포항시북구	용흥동제2투	182	637	25	0	16	0	12	604
포항시북구	용흥동제4투	269	898	15	0	9	0	5	422
포항시북구	우창동제6투	189	805	15	0	9	0	16	548
포항시북구	두호동제1투	98	377	7	0	4	0	5	412
포항시북구	관내사전	3835	7642	230	5	64	2	42	2
포항시북구	장량동제2투	252	853	24	0	9	0	4	616
포항시북구	장량동제8투	602	1155	53	0	20	0	26	799
포항시북구	장량동제10투	630	1323	56	0	7	0	5	630
포항시북구	관외사전	6246	14171	597	16	261	10	330	271
