고양시일산서구	관내사전	3401	2417	129	4	21	1	24	0
고양시일산서구	일산1동제1투	742	653	45	1	8	0	8	928
고양시일산서구	일산1동제2투	862	785	44	2	15	0	13	999
고양시일산서구	일산1동제3투	603	591	38	2	8	0	7	805
고양시일산서구	일산1동제4투	871	771	38	2	21	0	11	951
고양시일산서구	일산1동제5투	799	899	62	1	14	0	11	799
고양시일산서구	일산1동제6투	778	755	48	0	5	0	16	733
고양시일산서구	관내사전	2279	1689	83	3	13	0	13	1
고양시일산서구	일산2동제1투	499	513	23	1	13	0	7	794
고양시일산서구	일산2동제2투	1069	1119	63	1	10	0	12	655
고양시일산서구	일산2동제3투	581	702	25	0	3	0	10	604
고양시일산서구	일산2동제4투	355	383	15	0	13	0	9	712
고양시일산서구	일산2동제5투	726	743	37	0	14	0	6	1042
고양시일산서구	관내사전	3767	2378	104	3	11	0	22	0
고양시일산서구	일산3동제1투	685	769	44	0	11	0	11	746
고양시일산서구	일산3동제2투	900	1073	58	3	3	1	18	681
고양시일산서구	일산3동제3투	1000	955	59	0	10	0	14	710
고양시일산서구	일산3동제4투	784	706	45	1	3	0	9	508
고양시일산서구	일산3동제5투	1009	888	72	1	6	0	15	688
고양시일산서구	일산3동제6투	772	810	61	0	1	0	12	486
고양시일산서구	일산3동제7투	666	552	41	2	12	1	12	527
고양시일산서구	일산3동제8투	755	842	46	1	7	0	13	540
고양시일산서구	관내사전	4375	2906	165	3	28	2	30	1
고양시일산서구	탄현1동제1투	593	572	27	0	14	0	11	1080
고양시일산서구	탄현1동제2투	627	502	45	1	9	0	8	757
고양시일산서구	탄현1동제3투	829	668	50	1	13	1	8	776
고양시일산서구	탄현1동제4투	737	650	35	1	16	0	14	969
고양시일산서구	탄현1동제5투	876	702	58	3	11	1	14	1004
고양시일산서구	탄현1동제6투	753	785	44	1	4	0	10	622
고양시일산서구	탄현1동제7투	661	752	41	0	2	0	13	514
고양시일산서구	탄현1동제8투	360	427	31	1	4	0	13	367
고양시일산서구	관내사전	2753	1696	91	2	16	1	19	0
고양시일산서구	탄현2동제1투	493	433	28	0	8	0	8	741
고양시일산서구	탄현2동제2투	1004	865	57	0	22	1	16	1162
고양시일산서구	탄현2동제3투	818	833	52	1	13	2	12	840
고양시일산서구	탄현2동제4투	909	667	55	2	13	1	14	617
고양시일산서구	관내사전	2843	2182	96	2	7	1	20	0
고양시일산서구	주엽1동제1투	687	857	42	0	8	0	11	894
고양시일산서구	주엽1동제2투	664	827	47	0	8	0	14	520
고양시일산서구	주엽1동제3투	739	790	39	0	9	0	16	473
고양시일산서구	주엽1동제4투	818	785	48	0	9	0	11	701
고양시일산서구	주엽1동제5투	458	397	25	0	8	1	5	449
고양시일산서구	주엽1동제6투	567	896	37	3	4	1	13	498
고양시일산서구	주엽1동제7투	720	953	29	1	4	0	20	605
고양시일산서구	주엽1동제8투	651	607	28	1	3	0	10	416
고양시일산서구	관내사전	3189	2410	107	2	7	1	19	0
고양시일산서구	주엽2동제1투	452	797	40	1	7	0	14	642
고양시일산서구	주엽2동제2투	656	738	39	0	9	0	15	511
고양시일산서구	주엽2동제3투	531	555	36	2	5	0	9	443
고양시일산서구	주엽2동제4투	645	796	53	2	9	2	12	756
고양시일산서구	주엽2동제5투	526	678	34	1	4	0	13	497
고양시일산서구	주엽2동제6투	494	471	30	0	5	0	12	573
고양시일산서구	주엽2동제7투	860	992	51	0	9	0	9	654
고양시일산서구	주엽2동제8투	757	892	48	1	12	1	12	693
고양시일산서구	관내사전	3842	2758	145	2	19	4	34	10
고양시일산서구	대화동제1투	895	802	52	0	10	0	17	1107
고양시일산서구	대화동제2투	922	817	52	2	12	1	20	689
고양시일산서구	대화동제3투	965	971	58	3	11	1	23	915
고양시일산서구	대화동제4투	461	508	21	0	7	0	7	632
고양시일산서구	대화동제5투	672	719	45	1	14	0	16	857
고양시일산서구	대화동제6투	938	1070	63	0	14	1	18	1059
고양시일산서구	대화동제7투	579	605	42	1	14	1	20	1002
고양시일산서구	대화동제8투	1167	1633	100	0	5	2	17	1034
고양시일산서구	관내사전	2643	2090	98	3	10	0	16	-1
고양시일산서구	송포동제1투	744	1183	49	3	16	0	11	1081
고양시일산서구	송포동제2투	915	990	56	0	6	0	13	879
고양시일산서구	송포동제3투	795	899	42	0	8	1	15	793
고양시일산서구	송포동제4투	862	1038	53	0	10	0	11	754
고양시일산서구	관내사전	2356	1606	67	0	18	1	10	0
고양시일산서구	덕이동제1투	697	696	35	1	16	0	10	952
고양시일산서구	덕이동제2투	1069	1007	49	0	23	1	16	1629
고양시일산서구	덕이동제3투	803	759	36	0	8	0	15	637
고양시일산서구	덕이동제4투	864	778	36	2	3	0	8	587
고양시일산서구	덕이동제5투	1434	1601	69	1	16	0	13	1326
고양시일산서구	덕이동제6투	893	849	46	2	27	0	14	1300
고양시일산서구	관내사전	2786	2161	123	2	17	2	11	1
고양시일산서구	가좌동제1투	550	664	43	2	6	0	3	646
고양시일산서구	가좌동제2투	492	813	38	0	11	0	14	1030
고양시일산서구	가좌동제3투	864	788	45	1	14	2	18	786
고양시일산서구	가좌동제4투	1007	901	63	1	4	0	11	888
고양시일산서구	관외사전	13434	10897	661	21	178	7	375	615
