창원시성산구	반송동제1투	462	806	38	0	13	0	9	435
창원시성산구	반송동제7투	583	903	56	0	13	0	20	611
창원시성산구	반송동제9투	490	899	52	0	25	0	22	658
창원시성산구	반송동제11투	708	1099	79	0	18	2	13	501
창원시성산구	관내사전	2347	2739	123	3	48	1	35	0
창원시성산구	중앙동제1투	341	627	41	0	18	0	12	1060
창원시성산구	중앙동제3투	320	687	28	0	22	1	15	687
창원시성산구	관내사전	2579	3368	168	0	31	2	40	1
창원시성산구	용지동제1투	765	1345	69	0	13	0	18	919
창원시성산구	용지동제2투	399	821	32	0	18	0	24	725
창원시성산구	상남동제1투	628	787	55	0	26	0	14	738
창원시성산구	상남동제4투	635	1108	58	0	21	0	16	672
창원시성산구	사파동제1투	813	1199	54	1	28	2	22	1063
창원시성산구	사파동제3투	427	543	34	1	10	1	20	449
창원시성산구	사파동제4투	664	982	81	0	25	1	28	740
창원시성산구	사파동제5투	680	969	80	0	20	0	13	892
창원시성산구	관내사전	3988	4032	254	8	64	3	44	0
창원시성산구	가음정동제6투	747	1113	77	0	15	0	18	629
창원시성산구	성주동제1투	568	1211	58	1	29	1	19	772
창원시성산구	성주동제3투	694	748	50	0	25	1	21	742
창원시성산구	웅남동제1투	159	403	11	0	12	0	7	364
