창원시마산합포구	진동면제4투	484	700	30	1	27	0	10	813
창원시마산합포구	관내사전	277	638	15	2	7	0	5	0
창원시마산합포구	진전면제2투	128	520	13	1	6	2	5	308
창원시마산합포구	관내사전	474	581	22	0	10	0	5	0
창원시마산합포구	가포동투표소	140	307	13	1	11	0	4	343
창원시마산합포구	관내사전	3211	5277	193	2	58	2	33	0
창원시마산합포구	월영동제5투	360	822	25	0	8	0	15	482
창원시마산합포구	월영동제10투	788	1210	58	0	21	0	12	708
창원시마산합포구	관내사전	942	1773	55	0	20	0	18	0
창원시마산합포구	관내사전	878	1941	51	1	29	1	15	0
창원시마산합포구	자산동제4투	280	734	20	1	20	0	9	585
창원시마산합포구	관내사전	1026	2712	54	0	19	1	24	0
창원시마산합포구	관내사전	1189	2299	88	0	31	3	24	0
창원시마산합포구	교방동제5투	297	814	19	1	20	0	14	764
창원시마산합포구	관내사전	882	1709	39	1	25	0	15	0
창원시마산합포구	산호동제2투	257	606	26	0	21	0	11	663
