성남시수정구	관내사전	1825	1571	55	0	16	0	10	0
성남시수정구	신흥3동제3투	686	542	24	2	14	0	10	1173
성남시수정구	관내사전	1838	1009	44	1	22	0	8	0
성남시수정구	태평2동제3투	392	239	13	0	4	0	2	542
성남시수정구	관내사전	2367	1359	55	1	15	2	17	0
성남시수정구	태평3동제3투	588	419	21	0	15	0	11	772
성남시수정구	관내사전	1911	1082	46	3	13	0	24	0
성남시수정구	수진1동제1투	536	329	22	0	6	0	13	933
성남시수정구	관내사전	2200	1292	46	2	9	0	18	0
성남시수정구	수진2동제1투	590	498	19	0	9	0	8	817
성남시수정구	수진2동제2투	691	499	14	1	13	0	9	792
성남시수정구	수진2동제5투	773	814	30	0	5	1	11	581
성남시수정구	단대동제1투	680	595	35	1	4	0	15	822
성남시수정구	단대동제4투	482	387	20	1	8	1	16	555
성남시수정구	위례동제5투	674	1014	44	0	8	1	9	660
성남시수정구	신촌동투표소	539	672	34	0	14	0	18	772
