안양시동안구	관내사전	2797	2255	97	0	11	1	26	0
안양시동안구	비산1동제2투	306	273	20	0	1	0	5	175
안양시동안구	비산2동제1투	594	723	41	0	4	0	13	568
안양시동안구	비산2동제2투	916	951	62	1	10	0	13	645
안양시동안구	비산3동제3투	720	793	23	0	14	0	12	964
안양시동안구	부흥동제2투	476	598	26	0	6	1	16	358
안양시동안구	부흥동제3투	338	401	22	0	4	0	11	503
안양시동안구	관내사전	1959	1529	105	0	13	1	18	0
안양시동안구	관양1동제2투	739	1119	40	1	13	1	11	799
안양시동안구	관양1동제3투	654	702	34	2	10	2	13	977
안양시동안구	관양1동제7투	953	1082	58	0	9	0	14	673
안양시동안구	관내사전	2511	1972	94	5	22	0	30	3
안양시동안구	관양2동제5투	963	999	69	0	3	0	8	472
안양시동안구	부림동제3투	900	851	54	1	7	1	12	572
안양시동안구	관내사전	2351	1871	89	2	13	1	15	0
안양시동안구	평촌동제2투	540	651	53	0	6	0	11	550
안양시동안구	평촌동제3투	881	1089	74	1	8	1	13	616
안양시동안구	관내사전	3229	2302	123	1	11	0	19	0
안양시동안구	관내사전	2040	1756	64	3	9	0	14	0
안양시동안구	호계1동제2투	798	930	49	1	7	0	14	406
안양시동안구	호계2동제2투	823	994	53	0	14	0	18	648
안양시동안구	관내사전	2571	2236	150	2	11	1	24	0
안양시동안구	범계동제2투	543	680	47	1	5	0	11	514
안양시동안구	범계동제4투	456	795	38	0	1	1	7	335
안양시동안구	신촌동제1투	813	980	53	2	9	2	18	668
안양시동안구	관외사전	11827	10767	612	14	160	6	345	537
