성남시분당구	관내사전	2077	2138	72	1	10	2	6	1
성남시분당구	분당동제1투	571	963	49	1	4	0	10	639
성남시분당구	분당동제3투	486	1012	28	0	3	0	7	561
성남시분당구	분당동제5투	714	999	36	0	7	2	14	592
성남시분당구	분당동제6투	706	832	40	2	9	0	18	773
성남시분당구	수내1동제2투	373	852	19	0	5	0	12	355
성남시분당구	수내2동제2투	451	1027	29	0	5	0	7	394
성남시분당구	관내사전	1951	1667	70	0	6	1	10	0
성남시분당구	관내사전	1701	1807	81	1	9	0	24	0
성남시분당구	정자동제1투	400	808	36	0	3	0	10	454
성남시분당구	정자동제2투	609	1355	49	1	8	0	13	589
성남시분당구	정자동제4투	487	539	27	1	8	0	18	639
성남시분당구	정자1동제2투	468	960	34	0	2	0	13	602
성남시분당구	정자1동제3투	754	1257	61	1	7	0	24	1487
성남시분당구	정자2동제4투	397	519	19	0	6	0	5	351
성남시분당구	관내사전	2059	2031	77	1	7	0	8	0
성남시분당구	정자3동제3투	711	1234	55	4	3	0	22	672
성남시분당구	관내사전	3617	4143	131	0	14	1	32	0
성남시분당구	관내사전	2508	2309	63	3	11	1	22	0
성남시분당구	관내사전	2353	2829	74	0	6	4	19	1
성남시분당구	야탑1동제3투	689	923	28	0	5	0	15	331
성남시분당구	야탑1동제4투	657	703	31	2	6	0	11	398
성남시분당구	관내사전	1849	2131	73	0	6	0	13	0
성남시분당구	야탑2동제1투	366	1032	22	0	3	0	7	544
성남시분당구	야탑2동제3투	671	1003	40	1	5	0	12	497
성남시분당구	관내사전	2947	2255	93	3	17	1	22	5
성남시분당구	야탑3동제4투	503	436	21	3	9	0	13	728
성남시분당구	금곡동제1투	604	897	44	2	6	0	15	597
성남시분당구	금곡동제4투	583	1247	56	0	6	0	15	671
성남시분당구	구미동제1투	539	713	32	0	8	0	10	424
성남시분당구	구미동제4투	295	940	19	0	3	0	9	769
성남시분당구	구미동제5투	668	1030	41	1	4	0	10	530
성남시분당구	구미동제6투	426	881	28	1	3	0	21	483
성남시분당구	구미동제7투	823	1190	49	2	10	0	23	933
성남시분당구	구미동제8투	814	777	32	0	10	0	11	693
성남시분당구	관내사전	3571	3273	136	1	7	1	40	0
성남시분당구	구미1동제1투	665	953	45	0	13	0	21	1137
성남시분당구	관내사전	2945	2850	114	1	4	0	14	1
성남시분당구	삼평동제5투	689	1248	41	0	2	1	11	424
성남시분당구	백현동제2투	798	1154	54	1	4	0	21	705
성남시분당구	백현동제5투	976	601	37	0	6	1	9	643
성남시분당구	운중동제3투	755	1324	40	1	3	0	10	773
