성남시중원구	관내사전	3738	2224	95	4	14	1	30	0
성남시중원구	성남동제6투	1067	858	42	0	15	0	21	1248
성남시중원구	관내사전	1863	1216	39	2	11	0	12	0
성남시중원구	중앙동제3투	50	33	1	0	0	0	0	433
성남시중원구	관내사전	3334	2073	87	2	25	1	19	0
성남시중원구	금광2동제1투	628	484	21	1	7	0	20	909
성남시중원구	은행1동제1투	494	288	16	2	7	1	7	671
성남시중원구	관내사전	3343	1898	73	0	24	1	24	1
성남시중원구	관내사전	2823	1634	61	5	25	0	25	0
성남시중원구	상대원1동제1투	862	590	36	0	13	0	19	1374
성남시중원구	관내사전	2274	1421	70	4	18	0	19	0
성남시중원구	상대원3동제1투	762	506	18	1	8	0	6	1170
성남시중원구	상대원3동제3투	791	548	20	1	11	0	16	1107
성남시중원구	관내사전	3225	2182	93	2	18	0	24	0
성남시중원구	도촌동제2투	981	872	46	1	10	0	7	767
성남시중원구	도촌동제3투	876	738	40	1	9	0	15	831
성남시중원구	관외사전	12714	8400	502	10	159	7	223	237
