고양시일산동구	관내사전	3618	3013	129	1	21	1	22	0
고양시일산동구	식사동제7투	906	896	56	0	13	0	15	1463
고양시일산동구	중산1동제3투	849	1001	66	1	8	2	15	731
고양시일산동구	관내사전	2681	1772	91	0	13	0	18	0
고양시일산동구	관내사전	2859	1885	93	3	9	1	19	2
고양시일산동구	풍산동제7투	859	787	43	1	11	1	17	811
고양시일산동구	백석1동제7투	1224	1775	67	0	5	0	21	948
고양시일산동구	백석2동제1투	723	708	53	0	9	0	10	885
고양시일산동구	마두1동제1투	999	1116	73	2	11	0	13	879
고양시일산동구	마두1동제2투	854	1194	61	0	5	0	12	596
고양시일산동구	관내사전	3304	2608	108	3	6	2	23	0
고양시일산동구	마두2동제1투	532	946	39	0	5	1	7	630
고양시일산동구	마두2동제2투	598	898	49	1	6	0	11	583
고양시일산동구	마두2동제3투	396	431	17	1	4	0	7	610
고양시일산동구	관내사전	850	769	17	0	8	0	5	1
고양시일산동구	장항1동제2투	1074	1692	65	0	13	0	11	793
고양시일산동구	관내사전	2773	2300	92	2	11	2	15	0
고양시일산동구	장항2동제4투	870	875	48	0	18	0	16	1821
고양시일산동구	관내사전	1746	1447	69	4	18	0	5	1
고양시일산동구	고봉동제4투	539	559	36	0	11	0	10	890
고양시일산동구	관외사전	14408	12194	769	15	236	14	377	592
