옹진군	관내사전	105	173	18	2	0	3	0
옹진군	북도면제1투	30	164	7	0	1	0	103
옹진군	북도면제2투	11	117	1	0	1	1	94
옹진군	북도면제3투	133	326	17	4	2	27	165
옹진군	관내사전	277	240	80	4	3	9	0
옹진군	연평면제1투	91	254	23	1	0	2	447
옹진군	연평면제2투	21	21	2	0	0	3	19
옹진군	관내사전	510	460	169	9	2	15	0
옹진군	백령면제1투	129	365	31	3	0	5	395
옹진군	백령면제2투	155	381	61	4	0	14	430
옹진군	백령면제3투	46	175	7	0	0	2	85
옹진군	백령면제4투	33	145	11	0	0	2	76
옹진군	관내사전	129	221	45	4	1	6	0
옹진군	대청면제1투	33	104	7	3	0	0	154
옹진군	대청면제2투	48	125	9	0	0	1	80
옹진군	대청면제3투	31	104	8	0	0	2	30
옹진군	관내사전	195	203	25	5	3	3	0
옹진군	덕적면제1투	53	157	2	2	0	3	175
옹진군	덕적면제2투	49	122	4	1	0	5	83
옹진군	덕적면제3투	28	94	6	2	0	2	55
옹진군	덕적면제4투	14	41	1	0	0	0	9
옹진군	덕적면제5투	4	24	1	0	0	0	12
옹진군	덕적면제6투	12	18	0	0	0	1	13
옹진군	관내사전	94	134	12	2	1	3	0
옹진군	자월면제1투	28	102	7	1	0	1	117
옹진군	자월면제2투	43	91	4	0	0	1	49
옹진군	자월면제3투	43	116	3	0	0	0	50
옹진군	자월면제4투	7	47	1	0	0	1	18
옹진군	관내사전	997	644	120	12	4	20	0
옹진군	영흥면제1투	227	534	29	8	1	5	624
옹진군	영흥면제2투	198	460	35	3	1	10	473
옹진군	영흥면제3투	97	302	15	0	1	4	171
옹진군	관외사전	1498	1352	341	34	2	38	24
