신안군	지도읍제4투	149	25	2	0	0	0	2	127
신안군	압해읍제2투	210	18	1	0	0	0	2	154
신안군	압해읍제5투	94	7	0	0	0	0	0	29
신안군	압해읍제6투	115	2	0	0	1	0	1	37
신안군	관내사전	1061	107	6	1	4	0	8	0
신안군	임자면제1투	275	47	3	0	4	0	2	343
신안군	임자면제2투	78	0	0	0	1	0	0	75
신안군	흑산면제1투	146	22	1	0	0	1	0	273
신안군	흑산면제2투	52	5	1	0	0	0	2	38
신안군	흑산면제3투	80	1	0	0	1	0	0	57
신안군	흑산면제5투	168	9	1	1	1	0	0	67
신안군	관내사전	623	48	9	1	4	0	7	0
신안군	장산면제1투	133	16	4	1	1	1	2	111
신안군	관내사전	1098	123	4	4	3	0	19	0
신안군	안좌면제1투	110	21	2	0	1	0	3	246
신안군	관내사전	457	47	2	0	4	2	4	0
신안군	관외사전	6264	842	96	4	34	2	45	46
