진도군	관내사전	3428	405	34	1	17	0	27	0
진도군	진도읍제1투	829	121	7	0	7	0	12	754
진도군	진도읍제3투	324	25	1	0	8	0	2	186
진도군	관내사전	1155	113	20	1	3	2	7	0
진도군	군내면제2투	279	54	7	1	1	0	6	183
진도군	관내사전	1049	97	3	1	3	1	6	0
진도군	고군면제3투	349	34	0	0	2	0	2	196
진도군	관내사전	1247	123	8	1	2	0	16	0
진도군	의신면제1투	270	34	4	0	5	0	4	263
진도군	의신면제2투	207	22	0	0	2	1	4	119
진도군	의신면제3투	354	43	3	0	6	0	4	234
진도군	관내사전	1228	94	11	3	9	1	10	0
진도군	임회면제1투	275	48	5	1	2	0	6	270
진도군	임회면제3투	222	35	8	1	1	0	2	171
진도군	관내사전	1024	102	7	0	6	1	8	0
진도군	지산면제1투	245	38	3	0	3	0	5	242
진도군	지산면제2투	283	27	1	0	1	0	4	164
진도군	지산면제3투	215	16	3	1	4	0	6	121
진도군	관내사전	563	66	9	2	2	3	9	0
진도군	조도면제1투	244	29	1	0	0	2	3	287
진도군	조도면제2투	47	4	0	0	0	0	1	36
진도군	조도면제3투	49	4	0	0	0	0	0	21
진도군	조도면제4투	106	8	0	1	3	0	1	40
진도군	조도면제5투	44	3	0	0	0	0	0	36
진도군	조도면제6투	58	7	0	0	0	0	1	54
