전주시덕진구	관내사전	4237	748	75	2	22	7	19	1
전주시덕진구	진북동제1투	655	135	11	0	6	0	6	625
전주시덕진구	진북동제2투	863	226	29	2	10	0	12	837
전주시덕진구	진북동제3투	883	155	22	0	8	0	9	544
전주시덕진구	진북동제4투	740	214	17	0	4	0	9	517
전주시덕진구	관내사전	4727	770	68	1	9	2	21	1
전주시덕진구	인후1동제1투	913	211	25	0	11	0	16	899
전주시덕진구	인후1동제4투	1116	238	31	0	12	1	15	618
전주시덕진구	관내사전	2963	468	41	0	13	0	16	0
전주시덕진구	인후2동제3투	717	170	16	1	9	0	9	689
전주시덕진구	인후2동제4투	867	194	31	0	7	0	8	586
전주시덕진구	관내사전	6323	754	106	2	32	0	35	0
전주시덕진구	인후3동제1투	864	184	32	0	8	0	14	1161
전주시덕진구	인후3동제2투	969	139	17	1	12	2	14	745
전주시덕진구	인후3동제3투	1051	171	34	0	13	0	14	796
전주시덕진구	인후3동제4투	1017	210	32	0	12	0	10	509
전주시덕진구	인후3동제5투	1342	210	29	2	17	0	13	736
전주시덕진구	인후3동제6투	1208	192	23	0	5	0	8	798
전주시덕진구	인후3동제7투	743	149	15	0	17	0	6	1039
전주시덕진구	관내사전	3692	630	66	0	23	1	24	0
전주시덕진구	덕진동제1투	533	157	22	0	5	0	11	727
전주시덕진구	덕진동제2투	744	239	27	1	11	0	17	680
전주시덕진구	덕진동제4투	1104	243	41	0	6	0	13	837
전주시덕진구	덕진동제5투	1523	265	24	0	10	2	10	661
전주시덕진구	관내사전	2589	769	86	2	28	0	38	0
전주시덕진구	금암1동제1투	788	212	30	1	7	1	19	826
전주시덕진구	금암1동제2투	857	305	18	0	13	0	28	829
전주시덕진구	금암2동제1투	604	137	8	0	6	0	5	624
전주시덕진구	금암2동제2투	691	155	9	0	5	0	11	560
전주시덕진구	관내사전	2937	345	44	2	17	0	16	0
전주시덕진구	팔복동제1투	506	94	13	0	9	0	7	640
전주시덕진구	팔복동제2투	928	136	18	0	11	0	12	761
전주시덕진구	관내사전	3435	573	67	2	18	0	13	0
전주시덕진구	우아1동제1투	638	187	14	0	9	0	7	794
전주시덕진구	우아1동제2투	1162	276	32	0	9	0	16	650
전주시덕진구	우아1동제3투	548	146	15	1	4	0	8	748
전주시덕진구	관내사전	4246	533	65	1	16	2	21	0
전주시덕진구	우아2동제3투	283	41	10	0	2	0	2	150
전주시덕진구	우아2동제4투	1288	213	17	0	25	0	10	1319
전주시덕진구	관내사전	5866	761	103	2	23	1	37	0
전주시덕진구	호성동제3투	1607	258	37	1	16	0	15	820
전주시덕진구	관내사전	8756	1348	196	1	34	1	38	0
전주시덕진구	송천1동제1투	1056	222	27	1	14	0	13	629
전주시덕진구	송천1동제2투	1088	188	29	0	4	0	14	569
전주시덕진구	송천1동제4투	1271	270	38	0	9	0	17	585
전주시덕진구	송천1동제5투	1294	236	40	1	13	0	12	502
전주시덕진구	송천1동제7투	1276	269	23	1	9	0	7	677
전주시덕진구	송천1동제8투	1670	319	47	0	7	0	18	498
전주시덕진구	송천1동제9투	1290	268	46	0	7	1	14	654
전주시덕진구	관내사전	8607	1078	127	3	36	1	37	2
전주시덕진구	송천2동제1투	960	146	23	0	8	0	13	624
전주시덕진구	송천2동제4투	1033	179	22	1	7	0	6	566
전주시덕진구	송천2동제6투	445	39	7	0	6	0	6	213
전주시덕진구	송천2동제7투	1313	257	44	0	11	0	9	650
전주시덕진구	관내사전	4053	482	67	0	23	2	15	0
전주시덕진구	관내사전	5165	622	91	2	33	1	21	0
전주시덕진구	여의동제1투	808	162	26	1	11	0	13	774
전주시덕진구	여의동제2투	802	160	29	0	8	0	12	619
전주시덕진구	여의동제3투	1158	196	22	1	13	0	14	849
전주시덕진구	여의동제6투	1357	402	46	0	8	1	8	597
전주시덕진구	여의동제7투	1024	245	29	0	12	0	11	329
전주시덕진구	여의동제8투	1111	301	39	0	7	0	6	436
전주시덕진구	관내사전	5706	1151	116	1	34	1	27	4
전주시덕진구	혁신동제2투	1158	327	24	0	6	0	11	577
전주시덕진구	관외사전	24762	5324	698	13	277	8	338	220
