세종특별자치시	조치원읍제2투	306	439	14	0	13	0	11	628
세종특별자치시	조치원읍제3투	475	673	17	1	18	0	13	972
세종특별자치시	조치원읍제4투	875	984	50	1	23	0	31	1514
세종특별자치시	조치원읍제5투	730	748	45	3	14	0	10	845
세종특별자치시	조치원읍제10투	676	828	49	0	24	2	12	1096
세종특별자치시	관내사전	365	525	19	0	7	1	7	0
세종특별자치시	연동면제2투	185	327	10	0	2	0	5	306
세종특별자치시	관내사전	1097	1052	51	1	28	1	16	0
세종특별자치시	관내사전	1195	1386	57	2	14	0	20	1
세종특별자치시	관내사전	1069	950	42	1	13	0	12	1
세종특별자치시	장군면제2투	315	425	20	1	8	0	5	848
세종특별자치시	관내사전	1681	1469	55	1	21	0	13	2
세종특별자치시	전동면제2투	90	183	6	0	3	0	0	141
세종특별자치시	관내사전	299	416	21	0	6	0	6	1
세종특별자치시	한솔동제4투	676	663	58	0	4	1	16	800
세종특별자치시	도담동제2투	494	629	49	2	12	0	17	652
세종특별자치시	도담동제5투	834	947	63	2	7	0	11	729
세종특별자치시	관내사전	3972	2087	190	1	15	1	27	0
세종특별자치시	아름동제1투	802	585	67	0	8	0	16	635
세종특별자치시	아름동제2투	672	485	46	0	8	0	7	547
세종특별자치시	아름동제3투	807	677	49	0	14	1	15	733
세종특별자치시	종촌동제5투	638	673	38	1	14	0	16	790
세종특별자치시	종촌동제6투	581	478	36	0	14	1	16	580
세종특별자치시	관내사전	3649	2090	128	5	20	0	16	0
세종특별자치시	관내사전	3399	2174	157	2	28	1	41	0
세종특별자치시	새롬동제1투	501	610	32	0	13	1	12	634
세종특별자치시	새롬동제3투	930	884	51	0	12	0	6	848
세종특별자치시	새롬동제6투	844	747	68	0	9	0	9	890
세종특별자치시	대평동제2투	627	642	52	0	11	0	12	858
세종특별자치시	관내사전	3216	1958	143	3	18	0	17	0
세종특별자치시	관내사전	4548	3044	246	2	31	2	47	1
세종특별자치시	관내사전	1755	987	69	0	11	0	10	0
세종특별자치시	반곡동제1투	761	814	56	1	9	1	25	953
