동대문구	제기동제1투	568	800	26	1	14	0	14	1160
동대문구	제기동제3투	471	661	34	0	9	0	17	1097
동대문구	청량리동제4투	330	450	18	0	7	0	13	634
동대문구	청량리동제6투	534	1168	38	0	15	0	25	816
동대문구	회기동제2투	435	660	39	1	4	1	17	641
동대문구	관내사전	1855	1600	89	1	8	0	33	0
동대문구	관내사전	1830	1469	73	1	13	1	20	0
동대문구	휘경제2동제2투	685	803	52	0	5	0	10	435
동대문구	이문제1동제1투	412	459	17	1	15	1	10	756
동대문구	이문제2동제3투	578	820	53	2	5	0	14	644
동대문구	답십리제1동제1투	512	597	35	0	8	0	15	1031
동대문구	답십리제2동제2투	512	642	26	0	9	0	14	615
동대문구	답십리제2동제3투	490	588	27	0	5	0	12	481
동대문구	답십리제2동제7투	735	743	27	0	13	0	15	1045
동대문구	장안제1동제2투	860	1037	61	1	11	1	27	1172
동대문구	장안제1동제7투	742	1023	49	0	8	0	9	596
동대문구	장안제2동제1투	361	448	15	1	4	0	3	705
