청주시청원구	관내사전	4959	1655	755	42	5	38	0
청주시청원구	오창읍제1투	293	570	51	7	2	6	785
청주시청원구	오창읍제2투	375	564	58	7	2	10	667
청주시청원구	오창읍제3투	142	295	25	2	2	1	275
청주시청원구	오창읍제4투	1194	982	217	31	1	13	815
청주시청원구	오창읍제5투	963	615	139	12	1	12	400
청주시청원구	오창읍제6투	1102	585	160	16	1	10	452
청주시청원구	오창읍제7투	1286	636	158	15	1	7	534
청주시청원구	오창읍제8투	1115	588	155	21	1	17	517
청주시청원구	오창읍제9투	1211	585	157	20	2	14	494
청주시청원구	오창읍제10투	622	563	199	9	2	11	1019
청주시청원구	오창읍제11투	639	651	259	14	4	7	1226
청주시청원구	오창읍제12투	556	619	258	23	2	10	1272
청주시청원구	오창읍제13투	930	645	222	27	2	12	851
청주시청원구	오창읍제14투	868	528	142	14	1	15	491
청주시청원구	오창읍제15투	976	671	216	18	3	21	667
청주시청원구	오창읍제16투	925	561	175	11	1	9	315
청주시청원구	오창읍제17투	1677	936	317	25	2	24	825
청주시청원구	관내사전	2399	1275	243	36	5	44	0
청주시청원구	내수읍제1투	528	596	75	13	0	7	846
청주시청원구	내수읍제2투	245	373	20	2	2	8	400
청주시청원구	내수읍제3투	156	269	21	3	0	1	234
청주시청원구	내수읍제4투	620	722	170	22	2	4	973
청주시청원구	내수읍제5투	362	547	58	10	4	2	558
청주시청원구	내수읍제6투	621	683	81	16	0	17	949
청주시청원구	내수읍제7투	189	282	32	4	0	3	404
청주시청원구	관내사전	568	354	62	14	5	14	0
청주시청원구	북이면제1투	126	242	24	6	1	9	209
청주시청원구	북이면제2투	102	242	9	1	3	1	243
청주시청원구	북이면제3투	128	282	15	1	1	2	248
청주시청원구	북이면제4투	154	308	22	5	1	6	296
청주시청원구	관내사전	1392	1004	264	22	3	24	0
청주시청원구	우암동제1투	302	585	94	18	0	10	762
청주시청원구	우암동제2투	338	685	125	14	1	9	769
청주시청원구	우암동제3투	258	679	56	11	1	4	705
청주시청원구	우암동제4투	494	778	113	14	1	10	795
청주시청원구	관내사전	1609	947	180	25	3	11	0
청주시청원구	내덕제1동제1투	261	589	57	4	1	7	747
청주시청원구	내덕제1동제2투	294	666	75	8	3	3	591
청주시청원구	내덕제1동제3투	379	638	61	7	1	6	556
청주시청원구	관내사전	1695	934	220	25	2	19	0
청주시청원구	내덕제2동제1투	267	532	58	5	3	6	654
청주시청원구	내덕제2동제2투	459	678	129	16	0	11	894
청주시청원구	내덕제2동제3투	1027	1293	201	29	0	15	1120
청주시청원구	관내사전	4410	1759	593	68	7	52	0
청주시청원구	율량·사천동제1투	528	692	143	22	5	12	658
청주시청원구	율량·사천동제2투	524	748	134	10	0	13	983
청주시청원구	율량·사천동제3투	663	920	151	16	4	15	903
청주시청원구	율량·사천동제4투	433	648	74	12	3	9	368
청주시청원구	율량·사천동제5투	728	806	133	19	1	15	887
청주시청원구	율량·사천동제6투	1086	1055	161	24	2	15	951
청주시청원구	율량·사천동제7투	750	769	143	21	3	11	593
청주시청원구	율량·사천동제8투	724	962	149	22	3	14	851
청주시청원구	율량·사천동제9투	712	701	176	14	0	14	684
청주시청원구	율량·사천동제10투	500	549	144	20	0	11	676
청주시청원구	율량·사천동제11투	691	713	114	25	3	6	449
청주시청원구	율량·사천동제12투	573	529	103	12	2	10	455
청주시청원구	율량·사천동제13투	569	565	104	12	3	8	505
청주시청원구	관내사전	1469	614	240	15	3	14	0
청주시청원구	오근장동제1투	289	659	39	5	1	8	750
청주시청원구	오근장동제2투	1154	869	206	30	2	15	595
청주시청원구	오근장동제3투	831	887	141	15	4	13	949
청주시청원구	오근장동제4투	942	647	174	23	1	11	522
청주시청원구	관외사전	8858	3777	2203	193	19	145	117
