무안군	관내사전	3543	144	78	15	5	18	0
무안군	관내사전	1033	50	27	8	5	9	0
무안군	몽탄면제1투	180	27	4	0	1	0	127
무안군	몽탄면제2투	74	10	7	0	0	1	70
무안군	몽탄면제3투	51	15	4	4	0	1	84
무안군	몽탄면제4투	131	18	2	2	1	1	77
무안군	관내사전	2255	158	200	26	5	44	0
무안군	청계면제1투	199	19	4	2	1	3	151
무안군	청계면제2투	350	98	35	6	1	5	427
무안군	청계면제3투	257	35	4	4	3	6	177
무안군	관내사전	1425	58	23	9	0	2	0
무안군	현경면제1투	129	15	2	0	0	2	58
무안군	현경면제2투	249	22	9	2	0	3	244
무안군	현경면제3투	205	22	1	1	1	3	145
무안군	현경면제4투	174	21	10	2	2	1	169
무안군	현경면제5투	189	36	5	1	0	2	108
무안군	관내사전	828	40	12	3	0	6	0
무안군	관내사전	2141	91	35	7	6	12	0
무안군	관내사전	998	62	26	6	1	4	0
