안양시동안구	관내사전	3187	1083	386	37	2	28	0
안양시동안구	비산1동제1투	556	649	144	16	0	10	566
안양시동안구	비산1동제2투	661	652	157	14	0	5	352
안양시동안구	비산1동제3투	706	742	181	10	2	10	432
안양시동안구	비산1동제4투	958	1130	225	24	2	17	714
안양시동안구	비산1동제5투	660	1210	147	11	0	5	536
안양시동안구	비산1동제6투	499	779	160	16	1	11	347
안양시동안구	비산1동제7투	573	721	129	14	0	3	325
안양시동안구	관내사전	2916	1048	371	41	4	20	0
안양시동안구	비산2동제1투	744	903	182	22	2	12	546
안양시동안구	비산2동제2투	889	973	258	16	1	15	640
안양시동안구	비산2동제3투	536	906	164	27	1	9	493
안양시동안구	관내사전	2582	1015	334	33	3	17	0
안양시동안구	비산3동제1투	554	651	81	14	1	11	558
안양시동안구	비산3동제2투	498	788	114	6	1	13	695
안양시동안구	비산3동제3투	585	836	124	16	3	10	802
안양시동안구	비산3동제4투	1059	1238	316	20	0	22	809
안양시동안구	관내사전	2486	991	334	51	3	30	0
안양시동안구	부흥동제1투	268	483	68	11	2	6	436
안양시동안구	부흥동제2투	489	687	144	18	1	8	307
안양시동안구	부흥동제3투	381	501	50	7	1	10	389
안양시동안구	부흥동제4투	874	931	141	21	2	11	437
안양시동안구	부흥동제5투	667	667	128	16	1	6	391
안양시동안구	관내사전	1988	679	286	40	2	24	0
안양시동안구	달안동제1투	463	608	143	13	3	15	629
안양시동안구	달안동제2투	451	649	141	13	0	18	530
안양시동안구	달안동제3투	679	757	145	17	4	9	448
안양시동안구	관내사전	3828	1401	340	37	5	33	0
안양시동안구	관양동제1투	563	732	134	15	2	12	701
안양시동안구	관양동제2투	567	1108	135	16	2	9	741
안양시동안구	관양동제3투	470	772	125	13	2	14	799
안양시동안구	관양동제4투	534	673	102	5	2	15	743
안양시동안구	관양동제5투	781	880	198	12	1	17	758
안양시동안구	관양동제6투	681	797	145	11	0	19	648
안양시동안구	관양동제7투	795	1153	165	24	1	20	619
안양시동안구	관내사전	2526	913	363	29	1	35	0
안양시동안구	인덕원동제1투	437	549	110	17	1	13	647
안양시동안구	인덕원동제2투	442	656	142	9	2	13	774
안양시동안구	인덕원동제4투	780	1091	206	21	1	16	623
안양시동안구	인덕원동제5투	1047	901	198	25	1	18	359
안양시동안구	관내사전	3728	1173	551	64	2	32	0
안양시동안구	부림동제1투	578	739	197	17	1	9	689
안양시동안구	부림동제2투	578	626	158	12	0	9	386
안양시동안구	부림동제3투	870	858	164	9	4	16	470
안양시동안구	부림동제4투	769	772	172	15	1	11	472
안양시동안구	부림동제5투	743	981	267	11	0	23	821
안양시동안구	관내사전	2703	1009	367	34	6	21	0
안양시동안구	평촌동제1투	700	867	158	16	3	13	498
안양시동안구	평촌동제2투	703	929	179	15	1	11	615
안양시동안구	평촌동제3투	857	1101	235	23	1	14	558
안양시동안구	관내사전	3309	1034	467	53	3	29	0
안양시동안구	평안동제1투	475	596	148	13	2	7	471
안양시동안구	평안동제2투	748	925	200	19	1	11	418
안양시동안구	평안동제3투	602	767	152	21	2	12	451
안양시동안구	평안동제4투	726	794	150	21	2	10	410
안양시동안구	평안동제5투	1181	927	206	29	2	15	521
안양시동안구	관내사전	1828	637	214	29	2	13	0
안양시동안구	귀인동제1투	616	1040	161	18	4	11	462
안양시동안구	귀인동제2투	886	1188	190	28	1	11	551
안양시동안구	귀인동제3투	979	852	194	18	3	11	653
안양시동안구	관내사전	2949	1103	391	33	1	22	0
안양시동안구	호계1동제1투	741	872	194	25	1	8	532
안양시동안구	호계1동제2투	865	796	185	22	0	11	360
안양시동안구	호계1동제3투	1310	1278	376	23	1	19	641
안양시동안구	호계1동제4투	985	1037	296	23	3	13	533
안양시동안구	호계1동제5투	697	964	228	16	2	18	703
안양시동안구	관내사전	3010	1008	342	46	2	16	0
안양시동안구	호계2동제1투	987	1029	282	32	3	18	576
안양시동안구	호계2동제2투	859	1018	191	23	0	17	682
안양시동안구	호계2동제3투	892	1051	257	26	1	13	701
안양시동안구	호계2동제4투	898	999	206	26	0	24	677
안양시동안구	호계2동제5투	638	1042	184	11	2	11	562
안양시동안구	관내사전	3315	1238	375	50	5	27	0
안양시동안구	호계3동제1투	677	960	131	19	0	7	798
안양시동안구	호계3동제2투	906	1014	236	15	2	16	939
안양시동안구	호계3동제3투	611	680	121	15	2	9	508
안양시동안구	호계3동제4투	605	769	109	17	1	11	471
안양시동안구	호계3동제5투	807	996	161	16	5	15	590
안양시동안구	관내사전	3248	1181	570	47	1	33	0
안양시동안구	범계동제1투	625	1014	190	26	3	17	711
안양시동안구	범계동제2투	515	651	131	17	0	13	489
안양시동안구	범계동제3투	484	938	140	18	3	8	362
안양시동안구	범계동제4투	486	795	127	15	0	12	315
안양시동안구	관내사전	2159	734	284	34	4	26	0
안양시동안구	신촌동제1투	764	1041	222	25	4	12	603
안양시동안구	신촌동제2투	676	954	176	22	2	12	593
안양시동안구	신촌동제3투	329	432	76	9	1	4	206
안양시동안구	관내사전	1267	539	185	20	4	8	0
안양시동안구	갈산동제1투	571	1054	152	16	0	8	531
안양시동안구	갈산동제2투	420	677	88	10	0	6	273
안양시동안구	갈산동제3투	445	557	107	13	2	17	511
