용인시수지구	관내사전	4986	1824	726	61	4	54	0
용인시수지구	풍덕천1동제1투	635	970	339	25	1	18	1250
용인시수지구	풍덕천1동제2투	492	832	171	8	2	12	722
용인시수지구	풍덕천1동제3투	696	710	171	23	0	8	509
용인시수지구	풍덕천1동제4투	775	989	198	16	1	17	571
용인시수지구	풍덕천1동제5투	651	867	194	22	3	12	535
용인시수지구	풍덕천1동제6투	650	1324	153	21	2	9	596
용인시수지구	풍덕천1동제7투	741	915	176	18	0	13	500
용인시수지구	풍덕천1동제8투	572	662	142	19	1	12	338
용인시수지구	관내사전	5172	1602	730	74	2	44	0
용인시수지구	풍덕천2동제1투	702	741	152	20	1	12	405
용인시수지구	풍덕천2동제2투	499	796	200	18	1	17	738
용인시수지구	풍덕천2동제3투	837	987	215	21	0	9	503
용인시수지구	풍덕천2동제4투	564	681	227	14	1	15	665
용인시수지구	풍덕천2동제5투	715	902	264	14	3	14	501
용인시수지구	풍덕천2동제6투	998	832	199	19	0	13	415
용인시수지구	풍덕천2동제7투	651	687	137	7	0	12	395
용인시수지구	풍덕천2동제8투	963	1379	195	19	1	12	706
용인시수지구	풍덕천2동제9투	953	750	195	19	0	9	453
용인시수지구	관내사전	4657	1664	465	55	1	35	0
용인시수지구	신봉동제1투	460	574	141	15	2	8	356
용인시수지구	신봉동제2투	660	805	144	9	4	6	475
용인시수지구	신봉동제3투	1068	1433	220	27	3	16	752
용인시수지구	신봉동제4투	746	1266	163	13	3	18	715
용인시수지구	신봉동제5투	954	1755	219	29	3	11	1098
용인시수지구	신봉동제6투	1362	1791	279	27	4	17	1058
용인시수지구	신봉동제7투	1064	1921	214	27	1	16	1062
용인시수지구	관내사전	4550	1699	534	52	6	29	0
용인시수지구	죽전1동제1투	793	1552	190	38	0	13	912
용인시수지구	죽전1동제2투	938	1113	167	17	1	15	716
용인시수지구	죽전1동제3투	799	1175	186	35	1	10	718
용인시수지구	죽전1동제4투	820	1279	181	15	1	13	820
용인시수지구	죽전1동제5투	848	1006	186	19	3	8	757
용인시수지구	관내사전	1518	567	265	30	3	17	0
용인시수지구	죽전2동제1투	748	1079	244	20	3	17	837
용인시수지구	죽전2동제2투	635	968	198	19	1	10	636
용인시수지구	죽전2동제3투	686	966	183	15	1	5	522
용인시수지구	죽전2동제4투	750	848	206	15	2	15	475
용인시수지구	관내사전	2316	824	322	34	0	17	0
용인시수지구	죽전3동제1투	594	918	186	17	2	18	846
용인시수지구	죽전3동제2투	631	1025	163	12	2	7	644
용인시수지구	죽전3동제3투	946	1096	169	21	0	7	715
용인시수지구	죽전3동제4투	874	1130	186	10	0	10	688
용인시수지구	죽전3동제5투	812	1050	259	25	5	13	798
용인시수지구	동천동제1투	749	1159	286	25	0	13	1004
용인시수지구	동천동제2투	569	1041	133	22	0	10	597
용인시수지구	동천동제3투	840	1113	188	20	1	11	547
용인시수지구	동천동제4투	791	874	212	27	4	15	694
용인시수지구	동천동제5투	650	1001	96	24	1	8	589
용인시수지구	동천동제6투	602	1055	136	18	0	10	585
용인시수지구	동천동제7투	877	1360	170	25	1	10	876
용인시수지구	동천동제8투	852	1493	201	22	1	18	674
용인시수지구	동천동제9투	637	864	127	17	0	10	420
용인시수지구	동천동제10투	737	741	127	17	3	10	422
용인시수지구	관내사전	2513	845	272	26	0	11	0
용인시수지구	상현1동제1투	652	1195	159	24	2	11	645
용인시수지구	상현1동제2투	871	1068	247	20	1	15	646
용인시수지구	상현1동제3투	906	1028	196	21	1	13	531
용인시수지구	상현1동제4투	615	1066	146	11	0	8	702
용인시수지구	관내사전	4582	1705	553	55	0	32	0
용인시수지구	상현2동제1투	694	1107	175	15	0	9	784
용인시수지구	상현2동제2투	718	1179	137	20	2	13	636
용인시수지구	상현2동제3투	661	1025	173	18	1	8	772
용인시수지구	상현2동제4투	1020	1303	196	18	3	17	772
용인시수지구	상현2동제5투	774	1090	170	15	0	12	554
용인시수지구	상현2동제6투	1001	1152	201	20	0	17	580
용인시수지구	관내사전	3589	1210	518	53	4	30	0
용인시수지구	상현3동제1투	512	809	137	13	0	8	495
용인시수지구	상현3동제2투	763	1403	190	20	2	7	666
용인시수지구	상현3동제3투	542	859	128	19	1	6	418
용인시수지구	상현3동제4투	710	861	313	33	3	27	848
용인시수지구	상현3동제5투	595	745	110	13	0	6	593
용인시수지구	상현3동제6투	698	789	177	21	0	13	428
용인시수지구	관내사전	4515	2104	450	48	6	30	0
용인시수지구	성복동제1투	602	1500	161	12	0	18	611
용인시수지구	성복동제2투	642	1801	171	19	1	10	658
용인시수지구	성복동제3투	305	1171	86	8	0	8	642
용인시수지구	성복동제4투	371	706	91	7	0	5	414
용인시수지구	성복동제5투	360	1334	85	7	0	6	602
용인시수지구	성복동제6투	773	1633	185	13	0	13	855
용인시수지구	성복동제7투	722	1303	186	17	1	12	657
용인시수지구	성복동제8투	608	1422	138	17	2	6	1201
용인시수지구	성복동제9투	1516	1711	340	35	2	13	862
용인시수지구	성복동제10투	385	1050	110	9	1	10	531
용인시수지구	성복동제11투	939	1109	203	13	2	11	472
용인시수지구	관외사전	95	133	62	2	1	8	17
