수원시장안구	관내사전	3284	1198	288	38	4	29	0
수원시장안구	파장동제1투	654	872	108	20	3	10	1111
수원시장안구	파장동제2투	578	776	115	9	0	11	934
수원시장안구	파장동제3투	816	723	194	22	1	13	431
수원시장안구	파장동제4투	487	627	114	8	1	6	718
수원시장안구	파장동제5투	358	552	69	4	5	7	685
수원시장안구	파장동제6투	768	758	156	23	3	7	360
수원시장안구	파장동제7투	758	686	159	22	2	7	285
수원시장안구	관내사전	4974	1708	1549	88	4	82	0
수원시장안구	율천동제1투	549	932	340	18	0	21	773
수원시장안구	율천동제2투	596	844	240	19	3	14	884
수원시장안구	율천동제3투	825	739	299	12	1	11	449
수원시장안구	율천동제4투	1105	844	187	31	3	10	572
수원시장안구	율천동제6투	812	774	166	16	2	12	664
수원시장안구	율천동제7투	614	664	177	10	0	13	465
수원시장안구	관내사전	4224	1392	457	41	3	47	0
수원시장안구	정자1동제1투	717	971	144	17	0	16	1129
수원시장안구	정자1동제2투	1389	1251	301	21	5	18	920
수원시장안구	정자1동제3투	852	1095	175	25	1	21	826
수원시장안구	정자1동제4투	869	1074	128	5	1	18	805
수원시장안구	정자1동제5투	1224	1030	278	21	2	15	554
수원시장안구	정자1동제6투	1162	996	223	31	1	11	561
수원시장안구	관내사전	3011	1217	282	42	2	29	0
수원시장안구	정자2동제1투	435	623	78	13	0	10	809
수원시장안구	정자2동제2투	688	876	141	18	1	11	684
수원시장안구	정자2동제3투	637	738	121	7	1	12	905
수원시장안구	정자2동제5투	838	803	182	21	4	16	498
수원시장안구	정자2동제6투	778	826	180	26	3	8	675
수원시장안구	정자2동제7투	1311	1195	331	40	2	19	761
수원시장안구	정자2동제8투	1375	1249	314	24	3	22	813
수원시장안구	관내사전	5553	1484	700	74	6	44	0
수원시장안구	정자3동제1투	564	635	125	14	0	13	536
수원시장안구	정자3동제2투	600	757	132	27	2	8	404
수원시장안구	정자3동제3투	987	715	198	26	2	16	499
수원시장안구	정자3동제4투	838	683	180	21	2	16	407
수원시장안구	정자3동제5투	1245	1037	284	36	0	20	594
수원시장안구	정자3동제6투	1294	1059	280	21	0	12	617
수원시장안구	정자3동제7투	610	558	127	18	3	12	416
수원시장안구	정자3동제8투	1161	749	233	31	3	18	568
수원시장안구	정자3동제9투	544	576	184	13	1	16	474
수원시장안구	관내사전	2427	1085	167	28	2	14	0
수원시장안구	영화동제1투	399	578	72	9	2	8	953
수원시장안구	영화동제2투	469	715	84	13	4	5	941
수원시장안구	영화동제3투	669	974	112	14	4	6	957
수원시장안구	영화동제4투	576	744	66	12	7	8	728
수원시장안구	영화동제5투	613	709	84	11	1	13	923
수원시장안구	관내사전	2516	1011	305	28	3	29	0
수원시장안구	송죽동제1투	527	695	105	14	2	5	783
수원시장안구	송죽동제2투	618	744	119	10	2	13	719
수원시장안구	송죽동제3투	1150	1283	225	23	1	16	1220
수원시장안구	송죽동제4투	568	758	86	5	0	4	912
수원시장안구	관내사전	3218	1294	326	43	3	27	1
수원시장안구	조원1동제1투	627	852	122	14	0	16	1169
수원시장안구	조원1동제2투	584	702	104	10	1	15	775
수원시장안구	조원1동제3투	868	796	151	14	2	20	901
수원시장안구	조원1동제4투	648	749	133	12	3	9	741
수원시장안구	조원1동제5투	575	1012	105	13	0	9	720
수원시장안구	조원1동제6투	499	644	122	12	1	10	457
수원시장안구	조원1동제7투	706	909	136	19	1	9	571
수원시장안구	관내사전	3266	1403	392	45	5	20	0
수원시장안구	조원2동제1투	676	1132	172	16	4	11	657
수원시장안구	조원2동제2투	572	985	145	16	2	15	537
수원시장안구	조원2동제4투	473	811	138	10	3	10	471
수원시장안구	관내사전	1727	783	221	16	3	15	0
수원시장안구	연무동제1투	204	332	31	2	1	2	465
수원시장안구	연무동제2투	367	600	74	8	1	9	608
수원시장안구	연무동제3투	447	776	114	9	1	8	640
수원시장안구	연무동제4투	552	802	124	13	2	10	822
수원시장안구	연무동제5투	605	1024	175	20	3	17	887
수원시장안구	연무동제6투	563	684	143	11	3	10	299
수원시장안구	관외사전	799	211	124	20	1	7	211
