창원시마산회원구	관내사전	3940	2440	481	51	7	36	0
창원시마산회원구	내서읍제1투	54	227	7	2	0	1	78
창원시마산회원구	내서읍제2투	847	1480	203	33	3	16	759
창원시마산회원구	내서읍제3투	443	862	113	14	6	14	526
창원시마산회원구	내서읍제4투	893	1320	170	30	1	9	493
창원시마산회원구	내서읍제5투	584	1238	126	24	5	18	735
창원시마산회원구	내서읍제6투	439	1027	74	16	0	12	490
창원시마산회원구	내서읍제7투	405	1234	102	6	0	10	834
창원시마산회원구	내서읍제8투	529	1129	106	27	1	12	735
창원시마산회원구	내서읍제9투	345	893	64	11	2	19	608
창원시마산회원구	내서읍제10투	953	1569	188	36	3	22	992
창원시마산회원구	내서읍제11투	674	989	127	32	4	9	631
창원시마산회원구	내서읍제12투	865	1411	182	27	4	26	790
창원시마산회원구	내서읍제13투	944	1437	185	41	4	16	785
창원시마산회원구	내서읍제14투	1040	1210	179	25	3	19	750
창원시마산회원구	내서읍제15투	101	353	24	3	0	3	148
창원시마산회원구	관내사전	819	1087	86	13	2	13	0
창원시마산회원구	회원1동제1투	293	1260	64	10	2	8	623
창원시마산회원구	회원1동제2투	268	1082	63	10	3	10	773
창원시마산회원구	회원1동제3투	219	771	61	11	2	8	599
창원시마산회원구	관내사전	803	835	101	9	2	14	0
창원시마산회원구	회원2동제1투	260	851	54	12	2	12	582
창원시마산회원구	회원2동제2투	506	1115	148	15	3	23	665
창원시마산회원구	회원2동제3투	193	776	45	3	1	4	522
창원시마산회원구	관내사전	1389	1373	180	27	6	21	0
창원시마산회원구	석전동제1투	173	455	36	12	3	3	261
창원시마산회원구	석전동제2투	714	1411	195	29	3	23	580
창원시마산회원구	석전동제3투	224	663	46	10	4	7	389
창원시마산회원구	석전동제4투	159	552	26	7	0	10	318
창원시마산회원구	석전동제5투	127	612	42	11	0	6	426
창원시마산회원구	석전동제6투	349	1102	81	12	3	9	812
창원시마산회원구	관내사전	559	727	70	5	3	7	0
창원시마산회원구	회성동제1투	213	797	44	1	3	8	521
창원시마산회원구	회성동제2투	153	625	47	8	0	9	429
창원시마산회원구	회성동제3투	59	221	7	3	0	0	135
창원시마산회원구	관내사전	932	1053	131	13	1	15	0
창원시마산회원구	양덕1동제1투	509	1587	127	17	2	20	1102
창원시마산회원구	양덕1동제2투	381	1338	80	8	2	6	1088
창원시마산회원구	관내사전	2472	1881	337	49	5	34	0
창원시마산회원구	양덕2동제1투	714	1340	180	22	3	13	698
창원시마산회원구	양덕2동제2투	521	1200	125	22	3	7	571
창원시마산회원구	양덕2동제3투	283	945	67	9	1	9	557
창원시마산회원구	양덕2동제4투	774	1234	202	36	5	18	565
창원시마산회원구	양덕2동제5투	700	1354	216	26	2	18	926
창원시마산회원구	양덕2동제6투	639	1868	192	18	0	16	633
창원시마산회원구	양덕2동제7투	767	1501	183	21	3	11	562
창원시마산회원구	관내사전	1054	994	147	21	3	22	0
창원시마산회원구	합성1동제1투	213	820	56	10	0	12	678
창원시마산회원구	합성1동제2투	580	1498	167	21	1	17	987
창원시마산회원구	관내사전	873	1038	165	16	1	12	0
창원시마산회원구	합성2동제1투	312	998	74	9	4	13	732
창원시마산회원구	합성2동제2투	471	1376	155	19	5	15	1101
창원시마산회원구	관내사전	742	751	82	25	1	12	0
창원시마산회원구	구암1동제1투	256	801	55	7	0	12	574
창원시마산회원구	구암1동제2투	243	686	49	7	3	9	386
창원시마산회원구	구암1동제3투	459	1107	89	25	2	12	618
창원시마산회원구	관내사전	720	632	99	15	2	12	0
창원시마산회원구	구암2동제1투	376	892	101	17	2	11	553
창원시마산회원구	구암2동제2투	457	1057	103	18	4	15	691
창원시마산회원구	구암2동제3투	211	576	59	8	0	5	335
창원시마산회원구	관내사전	476	339	68	10	1	11	0
창원시마산회원구	봉암동제1투	141	338	32	4	1	3	299
창원시마산회원구	봉암동제2투	163	496	40	5	1	6	397
